CA-TP3/CA-TP3_Gini_0.86/dem_bed_modified.txt
ncols         400
nrows         400
xllcorner     100000
yllcorner     100000
cellsize      10
NODATA_value  -9999
[rows 352 to 383 of 400, columns 144 to 215 of 400]
1655.6 1653 1650.5 1647.9 1645.4 1642.8 1640.3 1637.7 1635.2 1632.6 1630.1 1627.5 1625 1622.4 1619.9 1617.3 1614.8 1612.3 1609.7 1607.2 1604.6 1602.1 1599.5 1597 1594.4 1591.9 1589.3 1586.8 1584.2 1581.7 1579.1 1576.6 1574 1571.5 1568.9 1566.4 1563.8 1561.3 1558.7 1556.2 1553.7 1551.1 1548.6 1546 1543.5 1540.9 1538.4 1535.8 1533.3 1530.7 1528.2 1525.6 1523.1 1520.5 1518 1515.4 1515.4 1518 1520.5 1523.1 1525.6 1528.2 1530.7 1533.3 1535.8 1538.4 1540.9 1543.5 1546 1548.6 1551.1 1553.7
1653.4 1650.9 1648.3 1645.8 1643.2 1640.7 1638.1 1635.5 1633 1630.4 1627.9 1625.3 1622.8 1620.2 1617.7 1615.1 1612.6 1610 1607.5 1604.9 1602.4 1599.8 1597.2 1594.7 1592.1 1589.6 1587 1584.5 1581.9 1579.4 1576.8 1574.3 1571.7 1569.2 1566.6 1564 1561.5 1558.9 1556.4 1553.8 1551.3 1548.7 1546.2 1543.6 1541.1 1538.5 1536 1533.4 1530.9 1528.3 1525.7 1523.2 1520.6 1518.1 1515.5 1513 1513 1515.5 1518.1 1520.6 1523.2 1525.7 1528.3 1530.9 1533.4 1536 1538.5 1541.1 1543.6 1546.2 1548.7 1551.3
1651.3 1648.7 1646.2 1643.6 1641 1638.5 1635.9 1633.4 1630.8 1628.2 1625.7 1623.1 1620.6 1618 1615.4 1612.9 1610.3 1607.8 1605.2 1602.7 1600.1 1597.5 1595 1592.4 1589.9 1587.3 1584.7 1582.2 1579.6 1577.1 1574.5 1571.9 1569.4 1566.8 1564.3 1561.7 1559.1 1556.6 1554 1551.5 1548.9 1546.4 1543.8 1541.2 1538.7 1536.1 1533.6 1531 1528.4 1525.9 1523.3 1520.8 1518.2 1515.6 1513.1 1510.5 1510.5 1513.1 1515.6 1518.2 1520.8 1523.3 1525.9 1528.4 1531 1533.6 1536.1 1538.7 1541.2 1543.8 1546.4 1548.9
1649.1 1646.6 1644 1641.4 1638.9 1636.3 1633.7 1631.2 1628.6 1626 1623.5 1620.9 1618.4 1615.8 1613.2 1610.7 1608.1 1605.5 1603 1600.4 1597.8 1595.3 1592.7 1590.1 1587.6 1585 1582.4 1579.9 1577.3 1574.8 1572.2 1569.6 1567.1 1564.5 1561.9 1559.4 1556.8 1554.2 1551.7 1549.1 1546.5 1544 1541.4 1538.8 1536.3 1533.7 1531.2 1528.6 1526 1523.5 1520.9 1518.3 1515.8 1513.2 1510.6 1508.1 1508.1 1510.6 1513.2 1515.8 1518.3 1520.9 1523.5 1526 1528.6 1531.2 1533.7 1536.3 1538.8 1541.4 1544 1546.5
1647 1644.4 1641.8 1639.3 1636.7 1634.1 1631.6 1629 1626.4 1623.9 1621.3 1618.7 1616.1 1613.6 1611 1608.4 1605.9 1603.3 1600.7 1598.1 1595.6 1593 1590.4 1587.9 1585.3 1582.7 1580.2 1577.6 1575 1572.4 1569.9 1567.3 1564.7 1562.2 1559.6 1557 1554.5 1551.9 1549.3 1546.7 1544.2 1541.6 1539 1536.5 1533.9 1531.3 1528.7 1526.2 1523.6 1521 1518.5 1515.9 1513.3 1510.8 1508.2 1505.6 1505.6 1508.2 1510.8 1513.3 1515.9 1518.5 1521 1523.6 1526.2 1528.7 1531.3 1533.9 1536.5 1539 1541.6 1544.2
1644.8 1642.3 1639.7 1637.1 1634.5 1632 1629.4 1626.8 1624.2 1621.7 1619.1 1616.5 1613.9 1611.4 1608.8 1606.2 1603.6 1601 1598.5 1595.9 1593.3 1590.7 1588.2 1585.6 1583 1580.4 1577.9 1575.3 1572.7 1570.1 1567.6 1565 1562.4 1559.8 1557.3 1554.7 1552.1 1549.5 1547 1544.4 1541.8 1539.2 1536.6 1534.1 1531.5 1528.9 1526.3 1523.8 1521.2 1518.6 1516 1513.5 1510.9 1508.3 1505.7 1503.2 1503.2 1505.7 1508.3 1510.9 1513.5 1516 1518.6 1521.2 1523.8 1526.3 1528.9 1531.5 1534.1 1536.6 1539.2 1541.8
1642.7 1640.1 1637.5 1635 1632.4 1629.8 1627.2 1624.6 1622 1619.5 1616.9 1614.3 1611.7 1609.1 1606.6 1604 1601.4 1598.8 1596.2 1593.6 1591.1 1588.5 1585.9 1583.3 1580.7 1578.2 1575.6 1573 1570.4 1567.8 1565.2 1562.7 1560.1 1557.5 1554.9 1552.3 1549.8 1547.2 1544.6 1542 1539.4 1536.8 1534.3 1531.7 1529.1 1526.5 1523.9 1521.4 1518.8 1516.2 1513.6 1511 1508.4 1505.9 1503.3 1500.7 1500.7 1503.3 1505.9 1508.4 1511 1513.6 1516.2 1518.8 1521.4 1523.9 1526.5 1529.1 1531.7 1534.3 1536.8 1539.4
1640.6 1638 1635.4 1632.8 1630.2 1627.6 1625 1622.4 1619.9 1617.3 1614.7 1612.1 1609.5 1606.9 1604.3 1601.7 1599.2 1596.6 1594 1591.4 1588.8 1586.2 1583.6 1581 1578.5 1575.9 1573.3 1570.7 1568.1 1565.5 1562.9 1560.3 1557.8 1555.2 1552.6 1550 1547.4 1544.8 1542.2 1539.6 1537.1 1534.5 1531.9 1529.3 1526.7 1524.1 1521.5 1518.9 1516.4 1513.8 1511.2 1508.6 1506 1503.4 1500.8 1498.2 1498.2 1500.8 1503.4 1506 1508.6 1511.2 1513.8 1516.4 1518.9 1521.5 1524.1 1526.7 1529.3 1531.9 1534.5 1537.1
1638.4 1635.8 1633.2 1630.6 1628 1625.4 1622.8 1620.3 1617.7 1615.1 1612.5 1609.9 1607.3 1604.7 1602.1 1599.5 1596.9 1594.3 1591.7 1589.1 1586.5 1584 1581.4 1578.8 1576.2 1573.6 1571 1568.4 1565.8 1563.2 1560.6 1558 1555.4 1552.8 1550.2 1547.7 1545.1 1542.5 1539.9 1537.3 1534.7 1532.1 1529.5 1526.9 1524.3 1521.7 1519.1 1516.5 1513.9 1511.3 1508.8 1506.2 1503.6 1501 1498.4 1495.8 1495.8 1498.4 1501 1503.6 1506.2 1508.8 1511.3 1513.9 1516.5 1519.1 1521.7 1524.3 1526.9 1529.5 1532.1 1534.7
1636.3 1633.7 1631.1 1628.5 1625.9 1623.3 1620.7 1618.1 1615.5 1612.9 1610.3 1607.7 1605.1 1602.5 1599.9 1597.3 1594.7 1592.1 1589.5 1586.9 1584.3 1581.7 1579.1 1576.5 1573.9 1571.3 1568.7 1566.1 1563.5 1560.9 1558.3 1555.7 1553.1 1550.5 1547.9 1545.3 1542.7 1540.1 1537.5 1534.9 1532.3 1529.7 1527.1 1524.5 1521.9 1519.3 1516.7 1514.1 1511.5 1508.9 1506.3 1503.7 1501.1 1498.5 1495.9 1493.3 1493.3 1495.9 1498.5 1501.1 1503.7 1506.3 1508.9 1511.5 1514.1 1516.7 1519.3 1521.9 1524.5 1527.1 1529.7 1532.3
1634.1 1631.5 1628.9 1626.3 1623.7 1621.1 1618.5 1615.9 1613.3 1610.7 1608.1 1605.5 1602.9 1600.3 1597.7 1595.1 1592.4 1589.8 1587.2 1584.6 1582 1579.4 1576.8 1574.2 1571.6 1569 1566.4 1563.8 1561.2 1558.6 1556 1553.4 1550.8 1548.2 1545.6 1543 1540.4 1537.8 1535.2 1532.5 1529.9 1527.3 1524.7 1522.1 1519.5 1516.9 1514.3 1511.7 1509.1 1506.5 1503.9 1501.3 1498.7 1496.1 1493.5 1490.9 1490.9 1493.5 1496.1 1498.7 1501.3 1503.9 1506.5 1509.1 1511.7 1514.3 1516.9 1519.5 1522.1 1524.7 1527.3 1529.9
1632 1629.4 1626.8 1624.1 1621.5 1618.9 1616.3 1613.7 1611.1 1608.5 1605.9 1603.3 1600.7 1598 1595.4 1592.8 1590.2 1587.6 1585 1582.4 1579.8 1577.2 1574.6 1571.9 1569.3 1566.7 1564.1 1561.5 1558.9 1556.3 1553.7 1551.1 1548.5 1545.8 1543.2 1540.6 1538 1535.4 1532.8 1530.2 1527.6 1525 1522.4 1519.7 1517.1 1514.5 1511.9 1509.3 1506.7 1504.1 1501.5 1498.9 1496.3 1493.6 1491 1488.4 1488.4 1491 1493.6 1496.3 1498.9 1501.5 1504.1 1506.7 1509.3 1511.9 1514.5 1517.1 1519.7 1522.4 1525 1527.6
1629.8 1627.2 1624.6 1622 1619.4 1616.8 1614.1 1611.5 1608.9 1606.3 1603.7 1601.1 1598.4 1595.8 1593.2 1590.6 1588 1585.4 1582.7 1580.1 1577.5 1574.9 1572.3 1569.7 1567.1 1564.4 1561.8 1559.2 1556.6 1554 1551.4 1548.7 1546.1 1543.5 1540.9 1538.3 1535.7 1533 1530.4 1527.8 1525.2 1522.6 1520 1517.4 1514.7 1512.1 1509.5 1506.9 1504.3 1501.7 1499 1496.4 1493.8 1491.2 1488.6 1486 1486 1488.6 1491.2 1493.8 1496.4 1499 1501.7 1504.3 1506.9 1509.5 1512.1 1514.7 1517.4 1520 1522.6 1525.2
1627.7 1625.1 1622.4 1619.8 1617.2 1614.6 1612 1609.3 1606.7 1604.1 1601.5 1598.8 1596.2 1593.6 1591 1588.4 1585.7 1583.1 1580.5 1577.9 1575.3 1572.6 1570 1567.4 1564.8 1562.2 1559.5 1556.9 1554.3 1551.7 1549 1546.4 1543.8 1541.2 1538.6 1535.9 1533.3 1530.7 1528.1 1525.5 1522.8 1520.2 1517.6 1515 1512.3 1509.7 1507.1 1504.5 1501.9 1499.2 1496.6 1494 1491.4 1488.8 1486.1 1483.5 1483.5 1486.1 1488.8 1491.4 1494 1496.6 1499.2 1501.9 1504.5 1507.1 1509.7 1512.3 1515 1517.6 1520.2 1522.8
1625.5 1622.9 1620.3 1617.7 1615 1612.4 1609.8 1607.2 1604.5 1601.9 1599.3 1596.6 1594 1591.4 1588.8 1586.1 1583.5 1580.9 1578.3 1575.6 1573 1570.4 1567.7 1565.1 1562.5 1559.9 1557.2 1554.6 1552 1549.4 1546.7 1544.1 1541.5 1538.8 1536.2 1533.6 1531 1528.3 1525.7 1523.1 1520.5 1517.8 1515.2 1512.6 1510 1507.3 1504.7 1502.1 1499.4 1496.8 1494.2 1491.6 1488.9 1486.3 1483.7 1481.1 1481.1 1483.7 1486.3 1488.9 1491.6 1494.2 1496.8 1499.4 1502.1 1504.7 1507.3 1510 1512.6 1515.2 1517.8 1520.5
1623.4 1620.8 1618.1 1615.5 1612.9 1610.2 1607.6 1605 1602.3 1599.7 1597.1 1594.4 1591.8 1589.2 1586.5 1583.9 1581.3 1578.6 1576 1573.4 1570.7 1568.1 1565.5 1562.8 1560.2 1557.6 1554.9 1552.3 1549.7 1547 1544.4 1541.8 1539.1 1536.5 1533.9 1531.3 1528.6 1526 1523.4 1520.7 1518.1 1515.5 1512.8 1510.2 1507.6 1504.9 1502.3 1499.7 1497 1494.4 1491.8 1489.1 1486.5 1483.9 1481.2 1478.6 1478.6 1481.2 1483.9 1486.5 1489.1 1491.8 1494.4 1497 1499.7 1502.3 1504.9 1507.6 1510.2 1512.8 1515.5 1518.1
1621.3 1618.6 1616 1613.3 1610.7 1608.1 1605.4 1602.8 1600.1 1597.5 1594.9 1592.2 1589.6 1587 1584.3 1581.7 1579 1576.4 1573.8 1571.1 1568.5 1565.8 1563.2 1560.6 1557.9 1555.3 1552.7 1550 1547.4 1544.7 1542.1 1539.5 1536.8 1534.2 1531.5 1528.9 1526.3 1523.6 1521 1518.4 1515.7 1513.1 1510.4 1507.8 1505.2 1502.5 1499.9 1497.2 1494.6 1492 1489.3 1486.7 1484.1 1481.4 1478.8 1476.1 1476.1 1478.8 1481.4 1484.1 1486.7 1489.3 1492 1494.6 1497.2 1499.9 1502.5 1505.2 1507.8 1510.4 1513.1 1515.7
1619.1 1616.5 1613.8 1611.2 1608.5 1605.9 1603.2 1600.6 1598 1595.3 1592.7 1590 1587.4 1584.7 1582.1 1579.4 1576.8 1574.2 1571.5 1568.9 1566.2 1563.6 1560.9 1558.3 1555.6 1553 1550.4 1547.7 1545.1 1542.4 1539.8 1537.1 1534.5 1531.9 1529.2 1526.6 1523.9 1521.3 1518.6 1516 1513.3 1510.7 1508.1 1505.4 1502.8 1500.1 1497.5 1494.8 1492.2 1489.5 1486.9 1484.3 1481.6 1479 1476.3 1473.7 1473.7 1476.3 1479 1481.6 1484.3 1486.9 1489.5 1492.2 1494.8 1497.5 1500.1 1502.8 1505.4 1508.1 1510.7 1513.3
1617 1614.3 1611.7 1609 1606.4 1603.7 1601.1 1598.4 1595.8 1593.1 1590.5 1587.8 1585.2 1582.5 1579.9 1577.2 1574.6 1571.9 1569.3 1566.6 1564 1561.3 1558.7 1556 1553.4 1550.7 1548.1 1545.4 1542.8 1540.1 1537.5 1534.8 1532.2 1529.5 1526.9 1524.2 1521.6 1518.9 1516.3 1513.6 1511 1508.3 1505.7 1503 1500.4 1497.7 1495.1 1492.4 1489.8 1487.1 1484.5 1481.8 1479.2 1476.5 1473.9 1471.2 1471.2 1473.9 1476.5 1479.2 1481.8 1484.5 1487.1 1489.8 1492.4 1495.1 1497.7 1500.4 1503 1505.7 1508.3 1511
1614.8 1612.2 1609.5 1606.9 1604.2 1601.5 1598.9 1596.2 1593.6 1590.9 1588.3 1585.6 1583 1580.3 1577.6 1575 1572.3 1569.7 1567 1564.4 1561.7 1559.1 1556.4 1553.7 1551.1 1548.4 1545.8 1543.1 1540.5 1537.8 1535.2 1532.5 1529.8 1527.2 1524.5 1521.9 1519.2 1516.6 1513.9 1511.3 1508.6 1505.9 1503.3 1500.6 1498 1495.3 1492.7 1490 1487.4 1484.7 1482 1479.4 1476.7 1474.1 1471.4 1468.8 1468.8 1471.4 1474.1 1476.7 1479.4 1482 1484.7 1487.4 1490 1492.7 1495.3 1498 1500.6 1503.3 1505.9 1508.6
1612.7 1610 1607.4 1604.7 1602 1599.4 1596.7 1594 1591.4 1588.7 1586.1 1583.4 1580.7 1578.1 1575.4 1572.8 1570.1 1567.4 1564.8 1562.1 1559.5 1556.8 1554.1 1551.5 1548.8 1546.1 1543.5 1540.8 1538.2 1535.5 1532.8 1530.2 1527.5 1524.9 1522.2 1519.5 1516.9 1514.2 1511.6 1508.9 1506.2 1503.6 1500.9 1498.2 1495.6 1492.9 1490.3 1487.6 1484.9 1482.3 1479.6 1477 1474.3 1471.6 1469 1466.3 1466.3 1469 1471.6 1474.3 1477 1479.6 1482.3 1484.9 1487.6 1490.3 1492.9 1495.6 1498.2 1500.9 1503.6 1506.2
1610.5 1607.9 1605.2 1602.5 1599.9 1597.2 1594.5 1591.9 1589.2 1586.5 1583.9 1581.2 1578.5 1575.9 1573.2 1570.5 1567.9 1565.2 1562.5 1559.9 1557.2 1554.5 1551.9 1549.2 1546.5 1543.9 1541.2 1538.5 1535.9 1533.2 1530.5 1527.9 1525.2 1522.5 1519.9 1517.2 1514.5 1511.9 1509.2 1506.5 1503.9 1501.2 1498.5 1495.9 1493.2 1490.5 1487.9 1485.2 1482.5 1479.9 1477.2 1474.5 1471.9 1469.2 1466.5 1463.9 1463.9 1466.5 1469.2 1471.9 1474.5 1477.2 1479.9 1482.5 1485.2 1487.9 1490.5 1493.2 1495.9 1498.5 1501.2 1503.9
1608.4 1605.7 1603 1600.4 1597.7 1595 1592.4 1589.7 1587 1584.3 1581.7 1579 1576.3 1573.6 1571 1568.3 1565.6 1563 1560.3 1557.6 1554.9 1552.3 1549.6 1546.9 1544.2 1541.6 1538.9 1536.2 1533.6 1530.9 1528.2 1525.5 1522.9 1520.2 1517.5 1514.9 1512.2 1509.5 1506.8 1504.2 1501.5 1498.8 1496.1 1493.5 1490.8 1488.1 1485.5 1482.8 1480.1 1477.4 1474.8 1472.1 1469.4 1466.7 1464.1 1461.4 1461.4 1464.1 1466.7 1469.4 1472.1 1474.8 1477.4 1480.1 1482.8 1485.5 1488.1 1490.8 1493.5 1496.1 1498.8 1501.5
1606.2 1603.6 1600.9 1598.2 1595.5 1592.8 1590.2 1587.5 1584.8 1582.1 1579.5 1576.8 1574.1 1571.4 1568.7 1566.1 1563.4 1560.7 1558 1555.4 1552.7 1550 1547.3 1544.6 1542 1539.3 1536.6 1533.9 1531.3 1528.6 1525.9 1523.2 1520.5 1517.9 1515.2 1512.5 1509.8 1507.2 1504.5 1501.8 1499.1 1496.4 1493.8 1491.1 1488.4 1485.7 1483 1480.4 1477.7 1475 1472.3 1469.7 1467 1464.3 1461.6 1458.9 1458.9 1461.6 1464.3 1467 1469.7 1472.3 1475 1477.7 1480.4 1483 1485.7 1488.4 1491.1 1493.8 1496.4 1499.1
1604.1 1601.4 1598.7 1596 1593.4 1590.7 1588 1585.3 1582.6 1579.9 1577.3 1574.6 1571.9 1569.2 1566.5 1563.8 1561.2 1558.5 1555.8 1553.1 1550.4 1547.7 1545.1 1542.4 1539.7 1537 1534.3 1531.6 1529 1526.3 1523.6 1520.9 1518.2 1515.5 1512.8 1510.2 1507.5 1504.8 1502.1 1499.4 1496.7 1494.1 1491.4 1488.7 1486 1483.3 1480.6 1478 1475.3 1472.6 1469.9 1467.2 1464.5 1461.9 1459.2 1456.5 1456.5 1459.2 1461.9 1464.5 1467.2 1469.9 1472.6 1475.3 1478 1480.6 1483.3 1486 1488.7 1491.4 1494.1 1496.7
1602 1599.3 1596.6 1593.9 1591.2 1588.5 1585.8 1583.1 1580.4 1577.7 1575.1 1572.4 1569.7 1567 1564.3 1561.6 1558.9 1556.2 1553.5 1550.9 1548.2 1545.5 1542.8 1540.1 1537.4 1534.7 1532 1529.3 1526.6 1524 1521.3 1518.6 1515.9 1513.2 1510.5 1507.8 1505.1 1502.4 1499.8 1497.1 1494.4 1491.7 1489 1486.3 1483.6 1480.9 1478.2 1475.6 1472.9 1470.2 1467.5 1464.8 1462.1 1459.4 1456.7 1454 1454 1456.7 1459.4 1462.1 1464.8 1467.5 1470.2 1472.9 1475.6 1478.2 1480.9 1483.6 1486.3 1489 1491.7 1494.4
1599.8 1597.1 1594.4 1591.7 1589 1586.3 1583.6 1580.9 1578.2 1575.6 1572.9 1570.2 1567.5 1564.8 1562.1 1559.4 1556.7 1554 1551.3 1548.6 1545.9 1543.2 1540.5 1537.8 1535.1 1532.4 1529.7 1527 1524.3 1521.7 1519 1516.3 1513.6 1510.9 1508.2 1505.5 1502.8 1500.1 1497.4 1494.7 1492 1489.3 1486.6 1483.9 1481.2 1478.5 1475.8 1473.1 1470.4 1467.7 1465.1 1462.4 1459.7 1457 1454.3 1451.6 1451.6 1454.3 1457 1459.7 1462.4 1465.1 1467.7 1470.4 1473.1 1475.8 1478.5 1481.2 1483.9 1486.6 1489.3 1492
1597.7 1595 1592.3 1589.6 1586.9 1584.2 1581.5 1578.8 1576.1 1573.4 1570.7 1568 1565.3 1562.6 1559.9 1557.2 1554.5 1551.8 1549 1546.3 1543.6 1540.9 1538.2 1535.5 1532.8 1530.1 1527.4 1524.7 1522 1519.3 1516.6 1513.9 1511.2 1508.5 1505.8 1503.1 1500.4 1497.7 1495 1492.3 1489.6 1486.9 1484.2 1481.5 1478.8 1476.1 1473.4 1470.7 1468 1465.3 1462.6 1459.9 1457.2 1454.5 1451.8 1449.1 1449.1 1451.8 1454.5 1457.2 1459.9 1462.6 1465.3 1468 1470.7 1473.4 1476.1 1478.8 1481.5 1484.2 1486.9 1489.6
1595.5 1592.8 1590.1 1587.4 1584.7 1582 1579.3 1576.6 1573.9 1571.2 1568.5 1565.7 1563 1560.3 1557.6 1554.9 1552.2 1549.5 1546.8 1544.1 1541.4 1538.7 1536 1533.3 1530.6 1527.9 1525.2 1522.4 1519.7 1517 1514.3 1511.6 1508.9 1506.2 1503.5 1500.8 1498.1 1495.4 1492.7 1490 1487.3 1484.6 1481.8 1479.1 1476.4 1473.7 1471 1468.3 1465.6 1462.9 1460.2 1457.5 1454.8 1452.1 1449.4 1446.7 1446.7 1449.4 1452.1 1454.8 1457.5 1460.2 1462.9 1465.6 1468.3 1471 1473.7 1476.4 1479.1 1481.8 1484.6 1487.3
1593.4 1590.7 1587.9 1585.2 1582.5 1579.8 1577.1 1574.4 1571.7 1569 1566.3 1563.5 1560.8 1558.1 1555.4 1552.7 1550 1547.3 1544.6 1541.8 1539.1 1536.4 1533.7 1531 1528.3 1525.6 1522.9 1520.1 1517.4 1514.7 1512 1509.3 1506.6 1503.9 1501.2 1498.5 1495.7 1493 1490.3 1487.6 1484.9 1482.2 1479.5 1476.8 1474 1471.3 1468.6 1465.9 1463.2 1460.5 1457.8 1455.1 1452.3 1449.6 1446.9 1444.2 1444.2 1446.9 1449.6 1452.3 1455.1 1457.8 1460.5 1463.2 1465.9 1468.6 1471.3 1474 1476.8 1479.5 1482.2 1484.9
1591.2 1588.5 1585.8 1583.1 1580.4 1577.6 1574.9 1572.2 1569.5 1566.8 1564.1 1561.3 1558.6 1555.9 1553.2 1550.5 1547.7 1545 1542.3 1539.6 1536.9 1534.2 1531.4 1528.7 1526 1523.3 1520.6 1517.9 1515.1 1512.4 1509.7 1507 1504.3 1501.5 1498.8 1496.1 1493.4 1490.7 1488 1485.2 1482.5 1479.8 1477.1 1474.4 1471.6 1468.9 1466.2 1463.5 1460.8 1458.1 1455.3 1452.6 1449.9 1447.2 1444.5 1441.8 1441.8 1444.5 1447.2 1449.9 1452.6 1455.3 1458.1 1460.8 1463.5 1466.2 1468.9 1471.6 1474.4 1477.1 1479.8 1482.5
1589.1 1586.4 1583.6 1580.9 1578.2 1575.5 1572.7 1570 1567.3 1564.6 1561.9 1559.1 1556.4 1553.7 1551 1548.2 1545.5 1542.8 1540.1 1537.3 1534.6 1531.9 1529.2 1526.4 1523.7 1521 1518.3 1515.6 1512.8 1510.1 1507.4 1504.7 1501.9 1499.2 1496.5 1493.8 1491 1488.3 1485.6 1482.9 1480.1 1477.4 1474.7 1472 1469.3 1466.5 1463.8 1461.1 1458.4 1455.6 1452.9 1450.2 1447.5 1444.7 1442 1439.3 1439.3 1442 1444.7 1447.5 1450.2 1452.9 1455.6 1458.4 1461.1 1463.8 1466.5 1469.3 1472 1474.7 1477.4 1480.1
