CA-TP3/CA-TP3_Gini_0.86/dem_bed_modified.txt
ncols         400
nrows         400
xllcorner     100000
yllcorner     100000
cellsize      10
NODATA_value  -9999
[rows 96 to 127 of 400, columns 0 to 71 of 400]
2362.5 2361.4 2360.3 2359.2 2358.1 2357 2355.9 2354.8 2353.7 2352.6 2351.5 2350.4 2349.3 2348.2 2347.1 2346 2344.9 2343.8 2342.7 2341.6 2340.5 2339.4 2338.4 2337.3 2336.2 2335.1 2334 2332.9 2331.8 2330.7 2329.6 2328.5 2327.4 2326.3 2325.2 2324.1 2323 2321.9 2320.8 2319.7 2318.6 2317.5 2316.4 2315.3 2314.2 2313.1 2312 2310.9 2309.8 2308.7 2307.6 2306.5 2305.4 2304.3 2303.3 2302.2 2301.1 2300 2298.9 2297.8 2296.7 2295.6 2294.5 2293.4 2292.3 2291.2 2290.1 2289 2287.9 2286.8 2285.7 2284.6
2361.2 2360.1 2358.9 2357.8 2356.7 2355.6 2354.5 2353.4 2352.3 2351.2 2350.1 2349 2347.9 2346.8 2345.7 2344.6 2343.5 2342.4 2341.3 2340.2 2339.1 2338 2336.9 2335.8 2334.7 2333.6 2332.5 2331.4 2330.3 2329.2 2328.1 2327 2325.9 2324.8 2323.7 2322.6 2321.5 2320.4 2319.3 2318.2 2317.1 2316 2314.8 2313.7 2312.6 2311.5 2310.4 2309.3 2308.2 2307.1 2306 2304.9 2303.8 2302.7 2301.6 2300.5 2299.4 2298.3 2297.2 2296.1 2295 2293.9 2292.8 2291.7 2290.6 2289.5 2288.4 2287.3 2286.2 2285.1 2284 2282.9
2359.8 2358.7 2357.6 2356.5 2355.4 2354.3 2353.2 2352.1 2351 2349.9 2348.7 2347.6 2346.5 2345.4 2344.3 2343.2 2342.1 2341 2339.9 2338.8 2337.7 2336.6 2335.4 2334.3 2333.2 2332.1 2331 2329.9 2328.8 2327.7 2326.6 2325.5 2324.4 2323.3 2322.1 2321 2319.9 2318.8 2317.7 2316.6 2315.5 2314.4 2313.3 2312.2 2311.1 2310 2308.8 2307.7 2306.6 2305.5 2304.4 2303.3 2302.2 2301.1 2300 2298.9 2297.8 2296.7 2295.6 2294.4 2293.3 2292.2 2291.1 2290 2288.9 2287.8 2286.7 2285.6 2284.5 2283.4 2282.3 2281.1
2358.5 2357.4 2356.3 2355.2 2354 2352.9 2351.8 2350.7 2349.6 2348.5 2347.4 2346.2 2345.1 2344 2342.9 2341.8 2340.7 2339.6 2338.4 2337.3 2336.2 2335.1 2334 2332.9 2331.8 2330.7 2329.5 2328.4 2327.3 2326.2 2325.1 2324 2322.9 2321.7 2320.6 2319.5 2318.4 2317.3 2316.2 2315.1 2313.9 2312.8 2311.7 2310.6 2309.5 2308.4 2307.3 2306.1 2305 2303.9 2302.8 2301.7 2300.6 2299.5 2298.3 2297.2 2296.1 2295 2293.9 2292.8 2291.7 2290.6 2289.4 2288.3 2287.2 2286.1 2285 2283.9 2282.8 2281.6 2280.5 2279.4
2357.2 2356 2354.9 2353.8 2352.7 2351.6 2350.5 2349.3 2348.2 2347.1 2346 2344.9 2343.7 2342.6 2341.5 2340.4 2339.3 2338.1 2337 2335.9 2334.8 2333.7 2332.5 2331.4 2330.3 2329.2 2328.1 2326.9 2325.8 2324.7 2323.6 2322.5 2321.3 2320.2 2319.1 2318 2316.9 2315.7 2314.6 2313.5 2312.4 2311.3 2310.1 2309 2307.9 2306.8 2305.7 2304.6 2303.4 2302.3 2301.2 2300.1 2299 2297.8 2296.7 2295.6 2294.5 2293.4 2292.2 2291.1 2290 2288.9 2287.8 2286.6 2285.5 2284.4 2283.3 2282.2 2281 2279.9 2278.8 2277.7
2355.8 2354.7 2353.6 2352.5 2351.3 2350.2 2349.1 2348 2346.8 2345.7 2344.6 2343.5 2342.3 2341.2 2340.1 2339 2337.8 2336.7 2335.6 2334.5 2333.3 2332.2 2331.1 2330 2328.8 2327.7 2326.6 2325.5 2324.3 2323.2 2322.1 2321 2319.8 2318.7 2317.6 2316.5 2315.3 2314.2 2313.1 2312 2310.8 2309.7 2308.6 2307.5 2306.3 2305.2 2304.1 2303 2301.8 2300.7 2299.6 2298.5 2297.3 2296.2 2295.1 2294 2292.8 2291.7 2290.6 2289.5 2288.3 2287.2 2286.1 2285 2283.8 2282.7 2281.6 2280.5 2279.3 2278.2 2277.1 2276
2354.5 2353.4 2352.2 2351.1 2350 2348.9 2347.7 2346.6 2345.5 2344.3 2343.2 2342.1 2340.9 2339.8 2338.7 2337.5 2336.4 2335.3 2334.2 2333 2331.9 2330.8 2329.6 2328.5 2327.4 2326.2 2325.1 2324 2322.8 2321.7 2320.6 2319.5 2318.3 2317.2 2316.1 2314.9 2313.8 2312.7 2311.5 2310.4 2309.3 2308.1 2307 2305.9 2304.8 2303.6 2302.5 2301.4 2300.2 2299.1 2298 2296.8 2295.7 2294.6 2293.4 2292.3 2291.2 2290.1 2288.9 2287.8 2286.7 2285.5 2284.4 2283.3 2282.1 2281 2279.9 2278.7 2277.6 2276.5 2275.4 2274.2
2353.2 2352 2350.9 2349.8 2348.6 2347.5 2346.4 2345.2 2344.1 2343 2341.8 2340.7 2339.5 2338.4 2337.3 2336.1 2335 2333.9 2332.7 2331.6 2330.5 2329.3 2328.2 2327 2325.9 2324.8 2323.6 2322.5 2321.4 2320.2 2319.1 2318 2316.8 2315.7 2314.5 2313.4 2312.3 2311.1 2310 2308.9 2307.7 2306.6 2305.4 2304.3 2303.2 2302 2300.9 2299.8 2298.6 2297.5 2296.4 2295.2 2294.1 2292.9 2291.8 2290.7 2289.5 2288.4 2287.3 2286.1 2285 2283.9 2282.7 2281.6 2280.4 2279.3 2278.2 2277 2275.9 2274.8 2273.6 2272.5
2351.9 2350.7 2349.6 2348.4 2347.3 2346.1 2345 2343.9 2342.7 2341.6 2340.4 2339.3 2338.1 2337 2335.9 2334.7 2333.6 2332.4 2331.3 2330.2 2329 2327.9 2326.7 2325.6 2324.4 2323.3 2322.2 2321 2319.9 2318.7 2317.6 2316.4 2315.3 2314.2 2313 2311.9 2310.7 2309.6 2308.5 2307.3 2306.2 2305 2303.9 2302.7 2301.6 2300.5 2299.3 2298.2 2297 2295.9 2294.7 2293.6 2292.5 2291.3 2290.2 2289 2287.9 2286.8 2285.6 2284.5 2283.3 2282.2 2281 2279.9 2278.8 2277.6 2276.5 2275.3 2274.2 2273 2271.9 2270.8
2350.5 2349.4 2348.2 2347.1 2345.9 2344.8 2343.6 2342.5 2341.3 2340.2 2339 2337.9 2336.8 2335.6 2334.5 2333.3 2332.2 2331 2329.9 2328.7 2327.6 2326.4 2325.3 2324.1 2323 2321.8 2320.7 2319.5 2318.4 2317.2 2316.1 2314.9 2313.8 2312.6 2311.5 2310.4 2309.2 2308.1 2306.9 2305.8 2304.6 2303.5 2302.3 2301.2 2300 2298.9 2297.7 2296.6 2295.4 2294.3 2293.1 2292 2290.8 2289.7 2288.5 2287.4 2286.2 2285.1 2284 2282.8 2281.7 2280.5 2279.4 2278.2 2277.1 2275.9 2274.8 2273.6 2272.5 2271.3 2270.2 2269
2349.2 2348 2346.9 2345.7 2344.6 2343.4 2342.3 2341.1 2340 2338.8 2337.7 2336.5 2335.4 2334.2 2333 2331.9 2330.7 2329.6 2328.4 2327.3 2326.1 2325 2323.8 2322.7 2321.5 2320.4 2319.2 2318.1 2316.9 2315.7 2314.6 2313.4 2312.3 2311.1 2310 2308.8 2307.7 2306.5 2305.4 2304.2 2303.1 2301.9 2300.8 2299.6 2298.4 2297.3 2296.1 2295 2293.8 2292.7 2291.5 2290.4 2289.2 2288.1 2286.9 2285.8 2284.6 2283.4 2282.3 2281.1 2280 2278.8 2277.7 2276.5 2275.4 2274.2 2273.1 2271.9 2270.8 2269.6 2268.5 2267.3
2347.9 2346.7 2345.6 2344.4 2343.2 2342.1 2340.9 2339.8 2338.6 2337.4 2336.3 2335.1 2334 2332.8 2331.6 2330.5 2329.3 2328.2 2327 2325.8 2324.7 2323.5 2322.4 2321.2 2320 2318.9 2317.7 2316.6 2315.4 2314.3 2313.1 2311.9 2310.8 2309.6 2308.5 2307.3 2306.1 2305 2303.8 2302.7 2301.5 2300.3 2299.2 2298 2296.9 2295.7 2294.5 2293.4 2292.2 2291.1 2289.9 2288.8 2287.6 2286.4 2285.3 2284.1 2283 2281.8 2280.6 2279.5 2278.3 2277.2 2276 2274.8 2273.7 2272.5 2271.4 2270.2 2269 2267.9 2266.7 2265.6
2346.5 2345.4 2344.2 2343 2341.9 2340.7 2339.6 2338.4 2337.2 2336.1 2334.9 2333.7 2332.6 2331.4 2330.2 2329.1 2327.9 2326.7 2325.6 2324.4 2323.2 2322.1 2320.9 2319.7 2318.6 2317.4 2316.3 2315.1 2313.9 2312.8 2311.6 2310.4 2309.3 2308.1 2306.9 2305.8 2304.6 2303.4 2302.3 2301.1 2299.9 2298.8 2297.6 2296.5 2295.3 2294.1 2293 2291.8 2290.6 2289.5 2288.3 2287.1 2286 2284.8 2283.6 2282.5 2281.3 2280.1 2279 2277.8 2276.7 2275.5 2274.3 2273.2 2272 2270.8 2269.7 2268.5 2267.3 2266.2 2265 2263.8
2345.2 2344 2342.9 2341.7 2340.5 2339.4 2338.2 2337 2335.8 2334.7 2333.5 2332.3 2331.2 2330 2328.8 2327.7 2326.5 2325.3 2324.1 2323 2321.8 2320.6 2319.5 2318.3 2317.1 2316 2314.8 2313.6 2312.4 2311.3 2310.1 2308.9 2307.8 2306.6 2305.4 2304.2 2303.1 2301.9 2300.7 2299.6 2298.4 2297.2 2296.1 2294.9 2293.7 2292.5 2291.4 2290.2 2289 2287.9 2286.7 2285.5 2284.3 2283.2 2282 2280.8 2279.7 2278.5 2277.3 2276.2 2275 2273.8 2272.6 2271.5 2270.3 2269.1 2268 2266.8 2265.6 2264.4 2263.3 2262.1
2343.9 2342.7 2341.5 2340.4 2339.2 2338 2336.8 2335.7 2334.5 2333.3 2332.1 2330.9 2329.8 2328.6 2327.4 2326.2 2325.1 2323.9 2322.7 2321.5 2320.4 2319.2 2318 2316.8 2315.7 2314.5 2313.3 2312.1 2311 2309.8 2308.6 2307.4 2306.2 2305.1 2303.9 2302.7 2301.5 2300.4 2299.2 2298 2296.8 2295.7 2294.5 2293.3 2292.1 2291 2289.8 2288.6 2287.4 2286.3 2285.1 2283.9 2282.7 2281.5 2280.4 2279.2 2278 2276.8 2275.7 2274.5 2273.3 2272.1 2271 2269.8 2268.6 2267.4 2266.3 2265.1 2263.9 2262.7 2261.6 2260.4
2342.6 2341.4 2340.2 2339 2337.8 2336.6 2335.5 2334.3 2333.1 2331.9 2330.7 2329.6 2328.4 2327.2 2326 2324.8 2323.6 2322.5 2321.3 2320.1 2318.9 2317.7 2316.6 2315.4 2314.2 2313 2311.8 2310.6 2309.5 2308.3 2307.1 2305.9 2304.7 2303.6 2302.4 2301.2 2300 2298.8 2297.6 2296.5 2295.3 2294.1 2292.9 2291.7 2290.6 2289.4 2288.2 2287 2285.8 2284.6 2283.5 2282.3 2281.1 2279.9 2278.7 2277.6 2276.4 2275.2 2274 2272.8 2271.6 2270.5 2269.3 2268.1 2266.9 2265.7 2264.6 2263.4 2262.2 2261 2259.8 2258.6
2341.2 2340 2338.9 2337.7 2336.5 2335.3 2334.1 2332.9 2331.7 2330.5 2329.4 2328.2 2327 2325.8 2324.6 2323.4 2322.2 2321 2319.9 2318.7 2317.5 2316.3 2315.1 2313.9 2312.7 2311.5 2310.4 2309.2 2308 2306.8 2305.6 2304.4 2303.2 2302 2300.9 2299.7 2298.5 2297.3 2296.1 2294.9 2293.7 2292.5 2291.4 2290.2 2289 2287.8 2286.6 2285.4 2284.2 2283 2281.9 2280.7 2279.5 2278.3 2277.1 2275.9 2274.7 2273.5 2272.4 2271.2 2270 2268.8 2267.6 2266.4 2265.2 2264 2262.9 2261.7 2260.5 2259.3 2258.1 2256.9
2339.9 2338.7 2337.5 2336.3 2335.1 2333.9 2332.7 2331.5 2330.4 2329.2 2328 2326.8 2325.6 2324.4 2323.2 2322 2320.8 2319.6 2318.4 2317.2 2316 2314.8 2313.6 2312.5 2311.3 2310.1 2308.9 2307.7 2306.5 2305.3 2304.1 2302.9 2301.7 2300.5 2299.3 2298.1 2296.9 2295.8 2294.6 2293.4 2292.2 2291 2289.8 2288.6 2287.4 2286.2 2285 2283.8 2282.6 2281.4 2280.2 2279 2277.9 2276.7 2275.5 2274.3 2273.1 2271.9 2270.7 2269.5 2268.3 2267.1 2265.9 2264.7 2263.5 2262.3 2261.1 2260 2258.8 2257.6 2256.4 2255.2
2338.6 2337.4 2336.2 2335 2333.8 2332.6 2331.4 2330.2 2329 2327.8 2326.6 2325.4 2324.2 2323 2321.8 2320.6 2319.4 2318.2 2317 2315.8 2314.6 2313.4 2312.2 2311 2309.8 2308.6 2307.4 2306.2 2305 2303.8 2302.6 2301.4 2300.2 2299 2297.8 2296.6 2295.4 2294.2 2293 2291.8 2290.6 2289.4 2288.2 2287 2285.8 2284.6 2283.4 2282.2 2281 2279.8 2278.6 2277.4 2276.2 2275 2273.8 2272.6 2271.4 2270.2 2269 2267.8 2266.6 2265.4 2264.2 2263 2261.8 2260.6 2259.4 2258.2 2257 2255.9 2254.7 2253.5
2337.2 2336 2334.8 2333.6 2332.4 2331.2 2330 2328.8 2327.6 2326.4 2325.2 2324 2322.8 2321.6 2320.4 2319.2 2318 2316.8 2315.6 2314.4 2313.2 2311.9 2310.7 2309.5 2308.3 2307.1 2305.9 2304.7 2303.5 2302.3 2301.1 2299.9 2298.7 2297.5 2296.3 2295.1 2293.9 2292.7 2291.5 2290.3 2289.1 2287.9 2286.7 2285.4 2284.2 2283 2281.8 2280.6 2279.4 2278.2 2277 2275.8 2274.6 2273.4 2272.2 2271 2269.8 2268.6 2267.4 2266.2 2265 2263.8 2262.6 2261.4 2260.2 2258.9 2257.7 2256.5 2255.3 2254.1 2252.9 2251.7
2335.9 2334.7 2333.5 2332.3 2331.1 2329.9 2328.7 2327.4 2326.2 2325 2323.8 2322.6 2321.4 2320.2 2319 2317.8 2316.6 2315.3 2314.1 2312.9 2311.7 2310.5 2309.3 2308.1 2306.9 2305.7 2304.4 2303.2 2302 2300.8 2299.6 2298.4 2297.2 2296 2294.8 2293.6 2292.3 2291.1 2289.9 2288.7 2287.5 2286.3 2285.1 2283.9 2282.7 2281.5 2280.2 2279 2277.8 2276.6 2275.4 2274.2 2273 2271.8 2270.6 2269.4 2268.1 2266.9 2265.7 2264.5 2263.3 2262.1 2260.9 2259.7 2258.5 2257.3 2256 2254.8 2253.6 2252.4 2251.2 2250
2334.6 2333.4 2332.2 2330.9 2329.7 2328.5 2327.3 2326.1 2324.9 2323.6 2322.4 2321.2 2320 2318.8 2317.6 2316.3 2315.1 2313.9 2312.7 2311.5 2310.3 2309.1 2307.8 2306.6 2305.4 2304.2 2303 2301.8 2300.5 2299.3 2298.1 2296.9 2295.7 2294.5 2293.2 2292 2290.8 2289.6 2288.4 2287.2 2286 2284.7 2283.5 2282.3 2281.1 2279.9 2278.7 2277.4 2276.2 2275 2273.8 2272.6 2271.4 2270.1 2268.9 2267.7 2266.5 2265.3 2264.1 2262.9 2261.6 2260.4 2259.2 2258 2256.8 2255.6 2254.3 2253.1 2251.9 2250.7 2249.5 2248.3
2333.3 2332 2330.8 2329.6 2328.4 2327.2 2325.9 2324.7 2323.5 2322.3 2321 2319.8 2318.6 2317.4 2316.2 2314.9 2313.7 2312.5 2311.3 2310 2308.8 2307.6 2306.4 2305.2 2303.9 2302.7 2301.5 2300.3 2299.1 2297.8 2296.6 2295.4 2294.2 2292.9 2291.7 2290.5 2289.3 2288.1 2286.8 2285.6 2284.4 2283.2 2282 2280.7 2279.5 2278.3 2277.1 2275.8 2274.6 2273.4 2272.2 2271 2269.7 2268.5 2267.3 2266.1 2264.9 2263.6 2262.4 2261.2 2260 2258.7 2257.5 2256.3 2255.1 2253.9 2252.6 2251.4 2250.2 2249 2247.8 2246.5
2331.9 2330.7 2329.5 2328.2 2327 2325.8 2324.6 2323.3 2322.1 2320.9 2319.7 2318.4 2317.2 2316 2314.7 2313.5 2312.3 2311.1 2309.8 2308.6 2307.4 2306.2 2304.9 2303.7 2302.5 2301.3 2300 2298.8 2297.6 2296.3 2295.1 2293.9 2292.7 2291.4 2290.2 2289 2287.8 2286.5 2285.3 2284.1 2282.8 2281.6 2280.4 2279.2 2277.9 2276.7 2275.5 2274.3 2273 2271.8 2270.6 2269.3 2268.1 2266.9 2265.7 2264.4 2263.2 2262 2260.8 2259.5 2258.3 2257.1 2255.8 2254.6 2253.4 2252.2 2250.9 2249.7 2248.5 2247.3 2246 2244.8
2330.6 2329.4 2328.1 2326.9 2325.7 2324.4 2323.2 2322 2320.7 2319.5 2318.3 2317 2315.8 2314.6 2313.3 2312.1 2310.9 2309.6 2308.4 2307.2 2305.9 2304.7 2303.5 2302.2 2301 2299.8 2298.5 2297.3 2296.1 2294.8 2293.6 2292.4 2291.2 2289.9 2288.7 2287.5 2286.2 2285 2283.8 2282.5 2281.3 2280.1 2278.8 2277.6 2276.4 2275.1 2273.9 2272.7 2271.4 2270.2 2269 2267.7 2266.5 2265.3 2264 2262.8 2261.6 2260.3 2259.1 2257.9 2256.6 2255.4 2254.2 2252.9 2251.7 2250.5 2249.2 2248 2246.8 2245.5 2244.3 2243.1
2329.3 2328 2326.8 2325.6 2324.3 2323.1 2321.8 2320.6 2319.4 2318.1 2316.9 2315.6 2314.4 2313.2 2311.9 2310.7 2309.5 2308.2 2307 2305.7 2304.5 2303.3 2302 2300.8 2299.5 2298.3 2297.1 2295.8 2294.6 2293.4 2292.1 2290.9 2289.6 2288.4 2287.2 2285.9 2284.7 2283.4 2282.2 2281 2279.7 2278.5 2277.3 2276 2274.8 2273.5 2272.3 2271.1 2269.8 2268.6 2267.3 2266.1 2264.9 2263.6 2262.4 2261.2 2259.9 2258.7 2257.4 2256.2 2255 2253.7 2252.5 2251.2 2250 2248.8 2247.5 2246.3 2245.1 2243.8 2242.6 2241.3
2327.9 2326.7 2325.5 2324.2 2323 2321.7 2320.5 2319.2 2318 2316.7 2315.5 2314.3 2313 2311.8 2310.5 2309.3 2308 2306.8 2305.5 2304.3 2303.1 2301.8 2300.6 2299.3 2298.1 2296.8 2295.6 2294.4 2293.1 2291.9 2290.6 2289.4 2288.1 2286.9 2285.6 2284.4 2283.2 2281.9 2280.7 2279.4 2278.2 2276.9 2275.7 2274.4 2273.2 2272 2270.7 2269.5 2268.2 2267 2265.7 2264.5 2263.2 2262 2260.8 2259.5 2258.3 2257 2255.8 2254.5 2253.3 2252 2250.8 2249.6 2248.3 2247.1 2245.8 2244.6 2243.3 2242.1 2240.9 2239.6
2326.6 2325.4 2324.1 2322.9 2321.6 2320.4 2319.1 2317.9 2316.6 2315.4 2314.1 2312.9 2311.6 2310.4 2309.1 2307.9 2306.6 2305.4 2304.1 2302.9 2301.6 2300.4 2299.1 2297.9 2296.6 2295.4 2294.1 2292.9 2291.6 2290.4 2289.1 2287.9 2286.6 2285.4 2284.1 2282.9 2281.6 2280.4 2279.1 2277.9 2276.6 2275.4 2274.1 2272.9 2271.6 2270.4 2269.1 2267.9 2266.6 2265.4 2264.1 2262.9 2261.6 2260.4 2259.1 2257.9 2256.6 2255.4 2254.1 2252.9 2251.6 2250.4 2249.1 2247.9 2246.6 2245.4 2244.1 2242.9 2241.6 2240.4 2239.1 2237.9
2325.3 2324 2322.8 2321.5 2320.3 2319 2317.8 2316.5 2315.2 2314 2312.7 2311.5 2310.2 2309 2307.7 2306.5 2305.2 2303.9 2302.7 2301.4 2300.2 2298.9 2297.7 2296.4 2295.2 2293.9 2292.6 2291.4 2290.1 2288.9 2287.6 2286.4 2285.1 2283.9 2282.6 2281.3 2280.1 2278.8 2277.6 2276.3 2275.1 2273.8 2272.6 2271.3 2270 2268.8 2267.5 2266.3 2265 2263.8 2262.5 2261.3 2260 2258.7 2257.5 2256.2 2255 2253.7 2252.5 2251.2 2250 2248.7 2247.4 2246.2 2244.9 2243.7 2242.4 2241.2 2239.9 2238.7 2237.4 2236.1
2324 2322.7 2321.4 2320.2 2318.9 2317.7 2316.4 2315.1 2313.9 2312.6 2311.3 2310.1 2308.8 2307.6 2306.3 2305 2303.8 2302.5 2301.3 2300 2298.7 2297.5 2296.2 2295 2293.7 2292.4 2291.2 2289.9 2288.6 2287.4 2286.1 2284.9 2283.6 2282.3 2281.1 2279.8 2278.6 2277.3 2276 2274.8 2273.5 2272.3 2271 2269.7 2268.5 2267.2 2265.9 2264.7 2263.4 2262.2 2260.9 2259.6 2258.4 2257.1 2255.9 2254.6 2253.3 2252.1 2250.8 2249.5 2248.3 2247 2245.8 2244.5 2243.2 2242 2240.7 2239.5 2238.2 2236.9 2235.7 2234.4
2322.6 2321.4 2320.1 2318.8 2317.6 2316.3 2315 2313.8 2312.5 2311.2 2310 2308.7 2307.4 2306.2 2304.9 2303.6 2302.4 2301.1 2299.8 2298.6 2297.3 2296 2294.8 2293.5 2292.2 2291 2289.7 2288.4 2287.2 2285.9 2284.6 2283.4 2282.1 2280.8 2279.6 2278.3 2277 2275.8 2274.5 2273.2 2272 2270.7 2269.4 2268.2 2266.9 2265.6 2264.4 2263.1 2261.8 2260.6 2259.3 2258 2256.8 2255.5 2254.2 2253 2251.7 2250.4 2249.2 2247.9 2246.6 2245.4 2244.1 2242.8 2241.6 2240.3 2239 2237.8 2236.5 2235.2 2234 2232.7
2321.3 2320 2318.8 2317.5 2316.2 2314.9 2313.7 2312.4 2311.1 2309.9 2308.6 2307.3 2306 2304.8 2303.5 2302.2 2300.9 2299.7 2298.4 2297.1 2295.9 2294.6 2293.3 2292 2290.8 2289.5 2288.2 2286.9 2285.7 2284.4 2283.1 2281.9 2280.6 2279.3 2278 2276.8 2275.5 2274.2 2272.9 2271.7 2270.4 2269.1 2267.9 2266.6 2265.3 2264 2262.8 2261.5 2260.2 2258.9 2257.7 2256.4 2255.1 2253.9 2252.6 2251.3 2250 2248.8 2247.5 2246.2 2245 2243.7 2242.4 2241.1 2239.9 2238.6 2237.3 2236 2234.8 2233.5 2232.2 2231
