CA-TP3/CA-TP3_Gini_0.86/dem_same_concave_rough.txt
ncols         400
nrows         400
xllcorner     100000
yllcorner     100000
cellsize      10
NODATA_value  -9999
[rows 208 to 233 of 400, columns 0 to 59 of 400]
2239.3709 2237.7914 2236.2479 2234.9076 2233.2515 2231.5474 2230.0806 2228.5835 2226.8920 2225.5552 2224.0079 2222.1470 2220.5322 2219.2537 2217.8861 2216.0541 2214.3896 2213.1017 2211.2958 2210.0888 2208.4988 2206.8592 2205.4691 2203.8964 2202.0554 2200.7618 2198.9877 2197.3967 2195.8355 2194.6151 2192.7888 2191.1903 2189.6700 2188.2842 2186.3999 2184.8637 2183.2949 2181.9739 2180.4739 2178.6809 2177.3272 2175.5895 2174.1514 2172.8053 2171.3119 2169.4317 2167.8381 2166.2344 2164.7891 2163.1748 2161.8999 2160.0487 2158.6220 2157.3749 2155.4909 2154.0731 2152.7190 2151.1130 2149.1998 2147.7008
2237.9884 2236.6997 2234.7978 2233.6220 2231.8483 2230.5646 2228.7436 2227.1527 2225.4441 2224.0147 2222.5048 2221.0459 2219.6116 2217.9055 2216.1641 2214.6374 2213.3976 2211.5740 2210.2981 2208.6955 2207.0578 2205.3649 2203.6878 2202.5374 2200.9121 2199.4189 2197.7519 2196.2724 2194.4973 2192.8912 2191.4409 2189.9131 2188.5136 2186.6316 2185.1274 2183.4807 2181.9768 2180.4294 2178.9452 2177.2254 2175.6360 2174.3126 2172.7064 2171.0758 2169.4392 2168.1870 2166.4528 2165.1521 2163.3182 2162.0035 2160.5251 2158.7046 2157.1273 2155.4948 2154.3236 2152.5345 2151.1754 2149.2286 2147.8345 2146.2686
2236.9954 2235.0369 2233.8512 2231.9356 2230.8357 2229.2272 2227.6368 2225.6780 2224.2540 2222.8007 2221.1764 2219.7616 2218.1078 2216.5522 2214.9098 2213.4284 2212.1064 2210.5589 2208.8079 2207.0977 2205.6838 2204.3223 2202.6784 2200.8078 2199.4193 2197.7596 2196.0415 2194.9576 2192.9979 2191.3439 2190.0787 2188.3105 2186.8998 2185.3251 2183.9233 2181.9939 2180.5031 2178.9877 2177.5468 2175.8441 2174.5632 2172.6910 2171.1437 2169.6357 2168.0374 2166.6039 2164.9951 2163.5894 2162.0955 2160.2387 2158.7339 2157.0358 2155.9221 2153.9188 2152.7311 2150.9158 2149.2442 2147.9450 2146.3455 2144.6319
2235.3725 2233.9598 2232.3589 2230.9055 2229.3029 2227.7352 2226.2122 2224.7751 2222.8842 2221.3273 2219.7470 2218.2064 2216.9880 2215.0775 2213.8968 2212.2814 2210.5515 2208.9683 2207.5838 2206.0905 2204.3585 2202.7319 2200.9801 2199.4550 2197.9884 2196.3459 2194.7497 2193.4925 2191.5281 2190.1767 2188.7846 2186.9035 2185.4809 2184.1381 2182.6057 2180.9890 2179.0957 2177.7526 2176.2436 2174.3746 2172.7740 2171.3270 2169.5998 2168.1092 2166.5820 2165.1723 2163.6017 2162.1988 2160.5913 2158.7085 2157.2417 2155.6924 2153.9649 2152.6373 2151.0905 2149.5664 2148.0079 2146.1957 2144.9665 2143.4152
2234.2145 2232.8482 2230.9456 2229.7271 2227.9492 2226.2369 2224.6828 2223.1017 2221.8077 2220.1357 2218.7095 2217.0547 2215.4601 2213.8427 2212.4188 2210.5526 2208.9979 2207.6154 2205.9858 2204.4522 2202.9588 2201.4591 2199.7780 2198.2806 2196.6361 2195.0587 2193.6814 2192.0265 2190.1558 2188.6102 2187.3111 2185.5400 2183.9056 2182.6753 2180.9547 2179.6141 2177.6445 2176.1686 2174.7034 2173.0925 2171.4028 2169.9988 2168.5670 2166.5910 2165.4742 2163.4321 2162.3031 2160.5770 2159.0480 2157.4515 2155.9516 2154.4858 2152.7684 2151.1011 2149.7092 2148.0956 2146.3840 2144.8429 2143.4036 2141.5120
2232.9757 2231.6220 2230.0817 2228.2959 2226.7582 2225.4068 2223.4411 2222.2512 2220.3922 2219.1193 2217.1113 2215.5783 2214.2248 2212.5850 2211.2608 2209.6970 2207.7805 2206.1808 2204.7384 2203.0380 2201.3709 2199.8305 2198.4871 2197.0588 2195.1784 2193.8805 2192.3254 2190.7769 2188.7824 2187.3198 2186.0514 2184.1831 2182.7515 2181.2008 2179.6889 2177.7722 2176.2737 2174.6302 2173.2008 2171.7889 2170.0652 2168.3207 2167.1001 2165.1294 2163.6887 2162.0613 2160.5746 2159.0653 2157.4566 2155.6750 2154.3549 2152.8003 2151.1913 2149.7789 2148.1829 2146.5085 2144.8541 2143.4063 2141.5976 2140.2656
2231.6300 2230.2895 2228.6516 2227.0708 2225.6639 2223.7144 2222.2772 2220.9662 2218.9500 2217.6135 2216.1745 2214.6093 2213.0371 2211.0707 2209.8111 2208.3526 2206.3828 2204.8723 2203.3452 2201.5611 2200.0731 2198.7823 2197.0513 2195.7034 2193.9255 2192.3656 2190.6776 2189.2922 2187.7665 2185.9699 2184.6067 2182.7979 2181.4036 2179.5815 2178.1558 2176.4512 2174.9062 2173.5658 2171.9088 2170.2796 2168.7947 2167.1801 2165.5548 2163.8239 2162.0452 2160.6029 2159.2669 2157.5294 2155.9683 2154.2474 2152.9490 2151.2262 2149.6032 2148.2222 2146.4878 2144.9266 2143.3013 2141.8012 2139.9390 2138.5073
2230.6105 2229.0980 2227.5876 2225.7128 2224.2815 2222.5815 2221.0136 2219.3603 2218.1288 2216.5101 2214.6689 2213.0914 2211.7368 2209.7871 2208.3472 2206.6172 2205.4201 2203.6346 2202.1039 2200.2584 2198.7537 2197.4626 2195.6043 2194.3420 2192.5829 2190.8504 2189.1862 2187.5159 2186.3770 2184.3633 2182.9100 2181.5658 2179.8852 2178.3871 2176.8000 2174.9607 2173.4119 2171.9924 2170.3673 2168.6242 2167.3727 2165.3689 2163.7667 2162.5187 2161.0355 2159.2768 2157.8323 2156.2402 2154.6065 2153.1273 2151.1944 2149.8087 2147.9959 2146.7512 2145.0511 2143.2363 2141.7843 2140.4318 2138.5822 2136.9704
2229.1977 2227.9581 2226.0724 2224.6539 2223.1094 2221.5336 2219.5882 2218.2153 2216.3904 2215.1104 2213.1802 2211.9187 2210.4172 2208.6668 2206.9390 2205.7108 2203.8372 2202.5178 2200.8264 2199.2329 2197.5436 2195.7567 2194.4838 2192.5811 2191.3764 2189.4282 2187.9850 2186.3804 2184.7049 2183.1331 2181.7519 2180.1885 2178.3794 2176.9557 2175.0141 2173.8476 2171.9721 2170.6808 2169.0749 2167.0686 2165.5385 2164.0298 2162.6266 2160.8551 2159.4982 2157.8572 2156.0175 2154.5955 2153.0210 2151.2417 2149.7728 2148.0977 2146.6831 2145.1395 2143.4788 2141.6566 2140.3479 2138.6752 2137.0316 2135.2886
2228.1904 2226.4870 2224.8074 2223.1559 2221.7334 2220.0987 2218.5393 2216.9607 2215.5196 2213.6930 2212.3359 2210.6054 2208.9335 2207.5028 2205.6702 2203.9508 2202.5022 2200.8792 2199.2504 2197.9732 2196.0442 2194.3710 2193.0029 2191.2206 2189.9916 2188.3794 2186.4403 2184.8954 2183.2759 2181.9466 2180.0817 2178.6847 2177.0819 2175.4202 2173.9551 2172.3265 2170.5998 2168.8095 2167.2060 2165.9876 2164.3826 2162.7433 2160.9289 2159.5376 2157.6594 2156.2958 2154.8578 2153.0506 2151.5146 2149.8746 2148.4519 2146.6112 2145.1665 2143.2547 2141.8453 2140.1983 2138.5881 2136.9630 2135.7366 2133.8435
2226.5931 2225.0926 2223.7700 2221.9668 2220.5562 2218.5872 2216.9687 2215.5357 2213.9720 2212.4425 2210.9015 2208.9883 2207.4815 2205.8346 2204.4092 2202.8880 2200.9562 2199.6620 2198.1598 2196.3662 2194.9621 2193.0310 2191.7351 2190.1596 2188.6271 2186.8203 2185.2221 2183.5019 2182.1739 2180.3297 2178.9407 2177.1960 2175.7008 2173.7779 2172.4854 2170.7346 2169.1692 2167.6147 2166.2225 2164.3790 2162.6527 2161.1548 2159.5962 2157.8271 2156.1741 2154.5462 2153.3595 2151.6741 2149.9452 2148.1866 2147.0249 2145.3703 2143.4778 2142.1175 2140.3942 2138.6858 2137.2023 2135.6213 2133.8555 2132.4229
2225.3964 2223.8582 2222.4372 2220.9278 2219.3820 2217.3836 2216.0052 2214.4662 2212.5599 2211.2473 2209.3028 2208.0196 2206.1702 2204.5420 2202.9815 2201.4276 2199.9320 2198.3417 2196.4395 2194.9673 2193.6695 2191.9325 2190.1979 2188.6342 2186.9011 2185.2975 2184.0022 2182.4181 2180.6373 2178.8561 2177.5509 2175.6375 2174.3127 2172.5495 2171.0330 2169.2127 2167.9590 2166.2465 2164.4566 2162.9076 2161.3513 2159.5569 2157.9605 2156.5630 2154.8536 2153.3525 2151.8403 2149.8839 2148.2432 2146.9116 2145.4118 2143.7572 2142.0321 2140.5720 2138.7688 2137.4829 2135.7236 2133.8528 2132.6262 2130.8104
2224.1875 2222.5345 2221.1838 2219.5040 2217.7385 2216.3918 2214.6882 2213.0607 2211.5582 2209.9764 2208.3623 2206.4899 2204.7585 2203.5821 2201.6826 2200.3616 2198.6592 2196.6808 2195.4548 2193.8067 2191.9327 2190.3706 2188.7664 2187.5030 2185.5640 2184.2799 2182.5475 2180.9767 2179.0098 2177.5851 2175.8651 2174.4714 2172.9587 2171.3213 2169.4704 2167.8206 2166.5561 2164.7115 2163.1142 2161.6594 2159.8290 2158.2094 2156.9030 2154.8451 2153.4054 2152.0152 2150.0298 2148.8159 2146.7580 2145.3315 2144.0090 2142.4042 2140.4686 2138.7550 2137.0824 2135.6827 2133.8827 2132.6300 2130.7030 2129.2966
2223.1628 2221.6798 2219.8225 2218.3859 2216.7992 2214.7847 2213.5303 2211.9397 2209.9886 2208.2741 2206.8816 2205.2074 2203.5511 2201.9308 2200.4028 2198.9949 2197.4286 2195.5438 2194.1313 2192.5830 2190.9045 2189.1538 2187.3876 2186.0981 2184.3760 2182.8155 2181.1561 2179.3338 2177.9070 2176.2190 2174.8211 2172.9420 2171.1748 2169.6878 2168.0801 2166.5705 2164.6846 2163.1992 2161.4218 2160.1070 2158.4271 2156.8361 2155.4056 2153.3886 2151.8209 2150.1667 2148.7230 2146.9802 2145.5277 2143.7412 2142.4121 2140.7673 2139.0871 2137.3275 2135.9794 2133.9594 2132.4087 2130.7968 2129.3771 2127.9190
2221.9333 2220.4165 2218.6105 2216.9140 2215.5699 2213.5389 2212.2133 2210.5140 2208.7317 2207.1216 2205.7380 2203.9477 2202.5794 2200.6376 2199.2097 2197.6928 2195.9923 2194.4025 2192.4188 2191.2198 2189.2504 2187.5811 2186.3072 2184.6343 2182.9595 2181.5036 2179.7664 2177.8682 2176.3231 2174.6094 2173.1234 2171.6368 2170.0886 2168.2305 2166.8630 2165.1479 2163.6748 2161.8327 2160.3034 2158.5366 2157.1687 2155.5082 2153.7753 2152.1140 2150.6185 2148.9790 2147.1074 2145.6316 2143.8496 2142.1380 2140.7006 2139.0032 2137.4856 2136.1113 2134.5086 2132.7441 2131.0073 2129.4441 2127.6763 2126.1648
2220.7313 2218.7647 2217.4265 2215.7187 2213.8018 2212.6290 2210.8375 2209.0575 2207.7231 2206.1277 2204.2048 2202.8151 2201.2901 2199.6198 2197.8886 2196.1545 2194.3742 2192.8517 2191.2861 2189.6630 2187.8725 2186.6152 2184.6910 2183.0863 2181.3540 2179.9603 2178.2338 2176.5339 2175.2542 2173.5989 2171.7983 2170.2231 2168.3996 2166.6943 2165.2185 2163.7564 2161.9746 2160.2921 2158.7643 2157.0827 2155.3342 2153.7667 2152.3908 2150.6309 2148.8551 2147.5432 2145.8649 2143.9820 2142.5169 2140.6823 2139.3891 2137.7627 2135.7595 2134.4964 2132.8526 2131.2786 2129.6567 2127.9891 2126.2066 2124.4386
2219.4517 2217.4443 2215.8454 2214.2385 2212.8460 2211.3456 2209.4491 2207.8096 2206.2822 2204.4135 2203.0028 2201.5353 2199.6640 2197.9411 2196.3896 2194.7271 2193.3643 2191.5626 2190.0045 2188.2177 2186.7959 2185.1652 2183.2596 2181.5978 2180.2703 2178.4345 2176.7753 2175.0869 2173.8694 2171.8263 2170.3502 2168.7915 2167.0115 2165.5818 2163.9138 2162.4302 2160.4546 2158.7238 2157.4631 2155.6994 2153.8162 2152.4299 2150.8203 2149.1123 2147.4131 2146.0713 2144.1442 2142.7982 2141.1709 2139.4207 2137.7105 2136.1929 2134.5562 2132.6454 2131.3320 2129.8053 2127.7393 2126.2875 2124.7959 2123.0131
2217.9744 2216.3601 2214.9132 2213.1020 2211.7113 2209.6383 2208.3893 2206.5720 2204.7083 2203.5110 2201.8341 2200.2242 2198.4039 2196.7854 2195.1683 2193.5547 2192.0829 2190.1691 2188.4962 2187.1622 2185.3998 2183.7706 2182.1200 2180.4047 2178.5348 2176.9239 2175.3920 2173.6851 2172.2167 2170.5424 2168.7438 2167.5228 2165.9180 2163.8141 2162.1887 2160.7163 2159.0199 2157.5783 2155.9422 2154.1695 2152.5950 2151.1864 2149.5051 2147.8696 2146.1257 2144.5507 2142.6944 2141.3658 2139.5096 2138.1265 2136.2950 2134.7653 2132.7474 2131.2164 2129.9212 2127.9226 2126.4166 2125.0016 2123.2967 2121.6884
2216.8766 2215.3376 2213.3543 2211.8199 2210.1536 2208.3487 2206.7010 2205.2795 2203.8928 2201.8013 2200.6058 2198.9390 2197.0836 2195.3869 2193.9111 2192.0437 2190.5852 2188.9845 2187.1816 2185.7745 2184.0531 2182.1837 2180.7567 2179.0958 2177.4504 2175.7432 2174.1295 2172.6556 2170.8471 2169.1223 2167.6033 2165.9521 2164.2391 2162.5628 2161.2461 2159.5120 2157.8010 2156.2779 2154.4969 2152.9820 2151.3392 2149.4971 2147.7369 2146.3632 2144.6460 2142.8107 2141.2104 2139.5743 2138.1935 2136.5853 2134.7047 2132.9527 2131.2933 2129.8531 2128.3103 2126.7684 2124.7077 2123.3679 2121.7107 2120.1815
2215.4925 2213.7215 2212.4874 2210.7158 2208.9205 2207.4629 2205.4766 2204.0444 2202.3182 2200.5834 2199.0807 2197.3106 2195.6138 2193.9426 2192.5149 2190.9907 2189.4332 2187.8054 2185.7373 2184.1260 2182.7295 2181.0236 2179.4803 2177.8631 2175.8445 2174.4075 2172.7321 2170.9647 2169.4604 2167.8500 2166.0657 2164.5793 2162.8131 2161.1204 2159.3225 2157.8876 2156.4009 2154.7425 2153.0688 2151.2248 2149.5376 2148.2792 2146.1986 2144.6064 2143.2570 2141.3718 2140.0316 2138.2704 2136.4180 2134.9718 2133.4501 2131.4172 2129.7600 2128.3150 2126.7659 2125.2309 2123.1309 2121.8533 2120.1963 2118.5482
2214.0621 2212.7541 2211.2085 2209.1138 2207.7620 2206.2724 2204.3071 2202.7726 2200.9974 2199.3484 2197.9500 2196.2884 2194.5808 2192.8813 2191.4165 2189.7116 2187.9670 2186.4663 2184.7218 2182.7674 2181.0657 2179.7613 2178.1125 2176.3345 2174.4773 2173.2326 2171.3595 2169.8184 2168.1340 2166.2828 2164.5595 2163.1535 2161.6855 2159.8471 2158.2685 2156.5149 2154.8781 2153.0261 2151.4994 2149.7645 2148.0592 2146.6784 2144.7348 2143.2793 2141.8800 2140.0803 2138.5219 2136.7794 2134.8003 2133.5386 2131.5504 2130.2586 2128.2917 2126.5356 2125.0269 2123.2724 2121.7120 2120.3481 2118.2883 2116.8364
2212.7869 2211.2271 2209.9543 2208.2822 2206.4107 2204.7985 2203.3081 2201.3436 2200.0211 2198.0510 2196.3353 2194.6443 2193.0856 2191.4856 2189.9308 2188.4299 2186.6617 2184.9557 2183.1141 2181.4394 2179.9233 2178.1729 2176.8261 2174.9142 2173.1639 2171.6481 2170.0162 2168.1371 2166.4893 2164.8808 2163.0982 2161.8865 2160.1597 2158.5192 2156.7780 2154.9454 2153.6019 2151.9123 2150.2879 2148.3350 2146.9364 2145.1194 2143.3271 2141.9842 2140.1071 2138.7178 2136.9951 2135.0753 2133.7854 2131.9400 2130.1049 2128.6976 2126.8906 2125.0976 2123.5366 2121.9900 2120.4740 2118.5333 2117.0531 2115.0942
2211.8476 2210.1908 2208.4893 2206.7813 2205.0694 2203.2706 2201.9515 2200.0829 2198.5345 2196.7002 2195.0161 2193.2788 2191.9145 2190.2423 2188.4753 2186.8955 2185.2456 2183.5710 2181.9292 2180.3079 2178.7701 2176.9218 2175.1082 2173.7460 2171.9484 2170.1144 2168.5909 2166.9153 2165.2011 2163.5203 2161.8589 2160.1032 2158.4131 2157.0199 2155.0870 2153.6698 2152.0234 2150.5161 2148.5784 2147.1661 2145.1885 2143.4883 2141.7923 2140.1356 2138.9328 2136.8039 2135.1472 2133.8058 2132.1063 2130.5038 2128.9361 2127.2069 2125.6431 2123.9203 2121.9317 2120.6292 2118.7937 2117.1124 2115.2799 2113.9411
2210.4687 2209.0371 2207.3665 2205.7333 2204.0741 2202.4002 2200.6838 2198.7515 2197.4184 2195.2979 2193.8940 2192.0229 2190.3543 2189.1047 2187.3348 2185.3810 2183.8182 2182.0584 2180.6861 2178.8721 2177.1970 2175.2890 2173.7185 2172.0652 2170.3262 2169.0935 2167.0571 2165.4877 2164.0228 2162.0223 2160.6314 2158.6345 2157.2595 2155.3997 2153.6703 2152.1102 2150.6076 2148.8476 2147.1515 2145.5785 2143.7699 2142.4012 2140.4807 2138.8327 2137.2998 2135.3479 2133.7328 2132.0302 2130.7778 2129.0707 2127.3949 2125.6600 2123.9119 2122.0145 2120.5927 2118.7921 2117.3414 2115.7378 2113.7759 2112.0390
2209.3226 2207.6734 2206.1257 2204.0561 2202.8370 2201.0739 2199.3697 2197.6118 2195.9951 2194.1341 2192.4951 2191.0325 2189.0183 2187.7493 2185.8800 2184.1791 2182.5415 2180.7761 2179.2017 2177.5953 2175.7041 2174.1110 2172.6020 2170.7686 2169.0980 2167.5891 2166.0164 2164.0228 2162.5099 2160.7076 2159.3845 2157.6306 2155.8080 2154.0010 2152.5100 2150.8687 2149.1733 2147.6559 2146.0094 2144.2312 2142.5658 2140.6215 2139.0286 2137.3304 2135.5608 2133.9289 2132.4800 2130.9725 2129.2344 2127.4508 2125.7441 2124.0238 2122.1652 2120.8902 2119.1075 2117.6022 2115.8958 2113.8953 2112.4369 2110.6409
2208.2315 2206.1728 2204.9165 2203.0476 2201.4546 2199.8536 2197.7693 2196.3756 2194.5561 2192.8949 2191.4028 2189.7939 2187.8931 2186.3104 2184.6423 2182.9125 2181.2557 2179.6626 2177.7535 2176.1379 2174.2874 2172.5991 2171.2603 2169.4690 2167.6690 2165.9897 2164.6318 2162.8160 2161.1503 2159.1718 2157.7373 2156.2422 2154.4268 2152.9224 2151.2148 2149.3548 2147.4592 2145.9636 2144.1768 2142.4438 2141.0925 2139.2252 2137.6819 2136.0022 2134.2465 2132.6412 2130.9697 2129.0269 2127.4886 2125.6637 2124.3274 2122.7210 2120.9840 2119.2345 2117.6690 2115.8639 2114.2378 2112.2465 2110.5819 2109.2470
