CA-TP3/CA-TP3_Gini_0.86/dem_bed_modified.txt
ncols         400
nrows         400
xllcorner     100000
yllcorner     100000
cellsize      10
NODATA_value  -9999
[rows 288 to 319 of 400, columns 288 to 359 of 400]
1864.9 1867.1 1869.3 1871.5 1873.7 1875.8 1878 1880.2 1882.4 1884.6 1886.8 1888.9 1891.1 1893.3 1895.5 1897.7 1899.9 1902.1 1904.2 1906.4 1908.6 1910.8 1913 1915.2 1917.3 1919.5 1921.7 1923.9 1926.1 1928.3 1930.5 1932.6 1934.8 1937 1939.2 1941.4 1943.6 1945.8 1947.9 1950.1 1952.3 1954.5 1956.7 1958.9 1961 1963.2 1965.4 1967.6 1969.8 1972 1974.2 1976.3 1978.5 1980.7 1982.9 1985.1 1987.3 1989.5 1991.6 1993.8 1996 1998.2 2000.4 2002.6 2004.7 2006.9 2009.1 2011.3 2013.5 2015.7 2017.9 2020
1863 1865.1 1867.3 1869.5 1871.7 1873.9 1876.1 1878.3 1880.5 1882.7 1884.9 1887.1 1889.2 1891.4 1893.6 1895.8 1898 1900.2 1902.4 1904.6 1906.8 1909 1911.1 1913.3 1915.5 1917.7 1919.9 1922.1 1924.3 1926.5 1928.7 1930.9 1933.1 1935.2 1937.4 1939.6 1941.8 1944 1946.2 1948.4 1950.6 1952.8 1955 1957.2 1959.3 1961.5 1963.7 1965.9 1968.1 1970.3 1972.5 1974.7 1976.9 1979.1 1981.2 1983.4 1985.6 1987.8 1990 1992.2 1994.4 1996.6 1998.8 2001 2003.2 2005.3 2007.5 2009.7 2011.9 2014.1 2016.3 2018.5
1861 1863.2 1865.4 1867.6 1869.8 1872 1874.2 1876.4 1878.6 1880.8 1883 1885.2 1887.4 1889.5 1891.7 1893.9 1896.1 1898.3 1900.5 1902.7 1904.9 1907.1 1909.3 1911.5 1913.7 1915.9 1918.1 1920.3 1922.5 1924.7 1926.9 1929.1 1931.3 1933.5 1935.7 1937.9 1940.1 1942.3 1944.5 1946.7 1948.8 1951 1953.2 1955.4 1957.6 1959.8 1962 1964.2 1966.4 1968.6 1970.8 1973 1975.2 1977.4 1979.6 1981.8 1984 1986.2 1988.4 1990.6 1992.8 1995 1997.2 1999.4 2001.6 2003.8 2006 2008.1 2010.3 2012.5 2014.7 2016.9
1859 1861.2 1863.4 1865.6 1867.8 1870 1872.2 1874.5 1876.7 1878.9 1881.1 1883.3 1885.5 1887.7 1889.9 1892.1 1894.3 1896.5 1898.7 1900.9 1903.1 1905.3 1907.5 1909.7 1911.9 1914.1 1916.3 1918.5 1920.7 1922.9 1925.1 1927.3 1929.5 1931.7 1933.9 1936.1 1938.3 1940.5 1942.7 1944.9 1947.1 1949.3 1951.5 1953.7 1955.9 1958.1 1960.3 1962.5 1964.7 1966.9 1969.1 1971.3 1973.5 1975.7 1977.9 1980.1 1982.3 1984.6 1986.8 1989 1991.2 1993.4 1995.6 1997.8 2000 2002.2 2004.4 2006.6 2008.8 2011 2013.2 2015.4
1857.1 1859.3 1861.5 1863.7 1865.9 1868.1 1870.3 1872.5 1874.7 1876.9 1879.2 1881.4 1883.6 1885.8 1888 1890.2 1892.4 1894.6 1896.8 1899 1901.2 1903.4 1905.6 1907.9 1910.1 1912.3 1914.5 1916.7 1918.9 1921.1 1923.3 1925.5 1927.7 1929.9 1932.1 1934.3 1936.6 1938.8 1941 1943.2 1945.4 1947.6 1949.8 1952 1954.2 1956.4 1958.6 1960.8 1963 1965.3 1967.5 1969.7 1971.9 1974.1 1976.3 1978.5 1980.7 1982.9 1985.1 1987.3 1989.5 1991.7 1994 1996.2 1998.4 2000.6 2002.8 2005 2007.2 2009.4 2011.6 2013.8
1855.1 1857.3 1859.5 1861.8 1864 1866.2 1868.4 1870.6 1872.8 1875 1877.3 1879.5 1881.7 1883.9 1886.1 1888.3 1890.5 1892.7 1895 1897.2 1899.4 1901.6 1903.8 1906 1908.2 1910.5 1912.7 1914.9 1917.1 1919.3 1921.5 1923.7 1925.9 1928.2 1930.4 1932.6 1934.8 1937 1939.2 1941.4 1943.7 1945.9 1948.1 1950.3 1952.5 1954.7 1956.9 1959.1 1961.4 1963.6 1965.8 1968 1970.2 1972.4 1974.6 1976.9 1979.1 1981.3 1983.5 1985.7 1987.9 1990.1 1992.3 1994.6 1996.8 1999 2001.2 2003.4 2005.6 2007.8 2010.1 2012.3
1853.2 1855.4 1857.6 1859.8 1862 1864.3 1866.5 1868.7 1870.9 1873.1 1875.4 1877.6 1879.8 1882 1884.2 1886.5 1888.7 1890.9 1893.1 1895.3 1897.5 1899.8 1902 1904.2 1906.4 1908.6 1910.9 1913.1 1915.3 1917.5 1919.7 1922 1924.2 1926.4 1928.6 1930.8 1933 1935.3 1937.5 1939.7 1941.9 1944.1 1946.4 1948.6 1950.8 1953 1955.2 1957.5 1959.7 1961.9 1964.1 1966.3 1968.6 1970.8 1973 1975.2 1977.4 1979.6 1981.9 1984.1 1986.3 1988.5 1990.7 1993 1995.2 1997.4 1999.6 2001.8 2004.1 2006.3 2008.5 2010.7
1851.2 1853.4 1855.7 1857.9 1860.1 1862.3 1864.6 1866.8 1869 1871.2 1873.5 1875.7 1877.9 1880.1 1882.4 1884.6 1886.8 1889 1891.3 1893.5 1895.7 1897.9 1900.2 1902.4 1904.6 1906.8 1909 1911.3 1913.5 1915.7 1917.9 1920.2 1922.4 1924.6 1926.8 1929.1 1931.3 1933.5 1935.7 1938 1940.2 1942.4 1944.6 1946.9 1949.1 1951.3 1953.5 1955.8 1958 1960.2 1962.4 1964.7 1966.9 1969.1 1971.3 1973.6 1975.8 1978 1980.2 1982.5 1984.7 1986.9 1989.1 1991.4 1993.6 1995.8 1998 2000.3 2002.5 2004.7 2006.9 2009.2
1849.3 1851.5 1853.7 1855.9 1858.2 1860.4 1862.6 1864.9 1867.1 1869.3 1871.6 1873.8 1876 1878.2 1880.5 1882.7 1884.9 1887.2 1889.4 1891.6 1893.9 1896.1 1898.3 1900.5 1902.8 1905 1907.2 1909.5 1911.7 1913.9 1916.2 1918.4 1920.6 1922.9 1925.1 1927.3 1929.5 1931.8 1934 1936.2 1938.5 1940.7 1942.9 1945.2 1947.4 1949.6 1951.8 1954.1 1956.3 1958.5 1960.8 1963 1965.2 1967.5 1969.7 1971.9 1974.1 1976.4 1978.6 1980.8 1983.1 1985.3 1987.5 1989.8 1992 1994.2 1996.5 1998.7 2000.9 2003.1 2005.4 2007.6
1847.3 1849.5 1851.8 1854 1856.2 1858.5 1860.7 1862.9 1865.2 1867.4 1869.7 1871.9 1874.1 1876.4 1878.6 1880.8 1883.1 1885.3 1887.5 1889.8 1892 1894.2 1896.5 1898.7 1901 1903.2 1905.4 1907.7 1909.9 1912.1 1914.4 1916.6 1918.8 1921.1 1923.3 1925.6 1927.8 1930 1932.3 1934.5 1936.7 1939 1941.2 1943.4 1945.7 1947.9 1950.1 1952.4 1954.6 1956.9 1959.1 1961.3 1963.6 1965.8 1968 1970.3 1972.5 1974.7 1977 1979.2 1981.5 1983.7 1985.9 1988.2 1990.4 1992.6 1994.9 1997.1 1999.3 2001.6 2003.8 2006
1845.3 1847.6 1849.8 1852.1 1854.3 1856.5 1858.8 1861 1863.3 1865.5 1867.8 1870 1872.2 1874.5 1876.7 1879 1881.2 1883.4 1885.7 1887.9 1890.2 1892.4 1894.7 1896.9 1899.1 1901.4 1903.6 1905.9 1908.1 1910.3 1912.6 1914.8 1917.1 1919.3 1921.6 1923.8 1926 1928.3 1930.5 1932.8 1935 1937.2 1939.5 1941.7 1944 1946.2 1948.5 1950.7 1952.9 1955.2 1957.4 1959.7 1961.9 1964.1 1966.4 1968.6 1970.9 1973.1 1975.4 1977.6 1979.8 1982.1 1984.3 1986.6 1988.8 1991 1993.3 1995.5 1997.8 2000 2002.3 2004.5
1843.4 1845.6 1847.9 1850.1 1852.4 1854.6 1856.9 1859.1 1861.4 1863.6 1865.9 1868.1 1870.3 1872.6 1874.8 1877.1 1879.3 1881.6 1883.8 1886.1 1888.3 1890.6 1892.8 1895.1 1897.3 1899.6 1901.8 1904.1 1906.3 1908.6 1910.8 1913 1915.3 1917.5 1919.8 1922 1924.3 1926.5 1928.8 1931 1933.3 1935.5 1937.8 1940 1942.3 1944.5 1946.8 1949 1951.3 1953.5 1955.7 1958 1960.2 1962.5 1964.7 1967 1969.2 1971.5 1973.7 1976 1978.2 1980.5 1982.7 1985 1987.2 1989.5 1991.7 1993.9 1996.2 1998.4 2000.7 2002.9
1841.4 1843.7 1845.9 1848.2 1850.4 1852.7 1854.9 1857.2 1859.4 1861.7 1864 1866.2 1868.5 1870.7 1873 1875.2 1877.5 1879.7 1882 1884.2 1886.5 1888.7 1891 1893.2 1895.5 1897.7 1900 1902.3 1904.5 1906.8 1909 1911.3 1913.5 1915.8 1918 1920.3 1922.5 1924.8 1927 1929.3 1931.5 1933.8 1936 1938.3 1940.6 1942.8 1945.1 1947.3 1949.6 1951.8 1954.1 1956.3 1958.6 1960.8 1963.1 1965.3 1967.6 1969.8 1972.1 1974.3 1976.6 1978.9 1981.1 1983.4 1985.6 1987.9 1990.1 1992.4 1994.6 1996.9 1999.1 2001.4
1839.5 1841.7 1844 1846.2 1848.5 1850.8 1853 1855.3 1857.5 1859.8 1862.1 1864.3 1866.6 1868.8 1871.1 1873.3 1875.6 1877.9 1880.1 1882.4 1884.6 1886.9 1889.2 1891.4 1893.7 1895.9 1898.2 1900.4 1902.7 1905 1907.2 1909.5 1911.7 1914 1916.3 1918.5 1920.8 1923 1925.3 1927.6 1929.8 1932.1 1934.3 1936.6 1938.8 1941.1 1943.4 1945.6 1947.9 1950.1 1952.4 1954.7 1956.9 1959.2 1961.4 1963.7 1965.9 1968.2 1970.5 1972.7 1975 1977.2 1979.5 1981.8 1984 1986.3 1988.5 1990.8 1993.1 1995.3 1997.6 1999.8
1837.5 1839.8 1842 1844.3 1846.6 1848.8 1851.1 1853.4 1855.6 1857.9 1860.1 1862.4 1864.7 1866.9 1869.2 1871.5 1873.7 1876 1878.3 1880.5 1882.8 1885.1 1887.3 1889.6 1891.9 1894.1 1896.4 1898.6 1900.9 1903.2 1905.4 1907.7 1910 1912.2 1914.5 1916.8 1919 1921.3 1923.6 1925.8 1928.1 1930.3 1932.6 1934.9 1937.1 1939.4 1941.7 1943.9 1946.2 1948.5 1950.7 1953 1955.3 1957.5 1959.8 1962 1964.3 1966.6 1968.8 1971.1 1973.4 1975.6 1977.9 1980.2 1982.4 1984.7 1987 1989.2 1991.5 1993.7 1996 1998.3
1835.5 1837.8 1840.1 1842.4 1844.6 1846.9 1849.2 1851.4 1853.7 1856 1858.2 1860.5 1862.8 1865.1 1867.3 1869.6 1871.9 1874.1 1876.4 1878.7 1880.9 1883.2 1885.5 1887.8 1890 1892.3 1894.6 1896.8 1899.1 1901.4 1903.6 1905.9 1908.2 1910.5 1912.7 1915 1917.3 1919.5 1921.8 1924.1 1926.3 1928.6 1930.9 1933.2 1935.4 1937.7 1940 1942.2 1944.5 1946.8 1949 1951.3 1953.6 1955.9 1958.1 1960.4 1962.7 1964.9 1967.2 1969.5 1971.7 1974 1976.3 1978.6 1980.8 1983.1 1985.4 1987.6 1989.9 1992.2 1994.4 1996.7
1833.6 1835.9 1838.1 1840.4 1842.7 1845 1847.2 1849.5 1851.8 1854.1 1856.3 1858.6 1860.9 1863.2 1865.5 1867.7 1870 1872.3 1874.6 1876.8 1879.1 1881.4 1883.7 1885.9 1888.2 1890.5 1892.8 1895 1897.3 1899.6 1901.9 1904.1 1906.4 1908.7 1911 1913.2 1915.5 1917.8 1920.1 1922.3 1924.6 1926.9 1929.2 1931.4 1933.7 1936 1938.3 1940.5 1942.8 1945.1 1947.4 1949.7 1951.9 1954.2 1956.5 1958.8 1961 1963.3 1965.6 1967.9 1970.1 1972.4 1974.7 1977 1979.2 1981.5 1983.8 1986.1 1988.3 1990.6 1992.9 1995.2
1831.6 1833.9 1836.2 1838.5 1840.8 1843 1845.3 1847.6 1849.9 1852.2 1854.4 1856.7 1859 1861.3 1863.6 1865.9 1868.1 1870.4 1872.7 1875 1877.3 1879.5 1881.8 1884.1 1886.4 1888.7 1890.9 1893.2 1895.5 1897.8 1900.1 1902.4 1904.6 1906.9 1909.2 1911.5 1913.8 1916 1918.3 1920.6 1922.9 1925.2 1927.5 1929.7 1932 1934.3 1936.6 1938.9 1941.1 1943.4 1945.7 1948 1950.3 1952.5 1954.8 1957.1 1959.4 1961.7 1964 1966.2 1968.5 1970.8 1973.1 1975.4 1977.6 1979.9 1982.2 1984.5 1986.8 1989 1991.3 1993.6
1829.7 1832 1834.3 1836.5 1838.8 1841.1 1843.4 1845.7 1848 1850.3 1852.5 1854.8 1857.1 1859.4 1861.7 1864 1866.3 1868.6 1870.8 1873.1 1875.4 1877.7 1880 1882.3 1884.6 1886.9 1889.1 1891.4 1893.7 1896 1898.3 1900.6 1902.9 1905.1 1907.4 1909.7 1912 1914.3 1916.6 1918.9 1921.2 1923.4 1925.7 1928 1930.3 1932.6 1934.9 1937.2 1939.5 1941.7 1944 1946.3 1948.6 1950.9 1953.2 1955.5 1957.7 1960 1962.3 1964.6 1966.9 1969.2 1971.5 1973.8 1976 1978.3 1980.6 1982.9 1985.2 1987.5 1989.8 1992.1
1827.7 1830 1832.3 1834.6 1836.9 1839.2 1841.5 1843.8 1846.1 1848.4 1850.6 1852.9 1855.2 1857.5 1859.8 1862.1 1864.4 1866.7 1869 1871.3 1873.6 1875.9 1878.2 1880.5 1882.7 1885 1887.3 1889.6 1891.9 1894.2 1896.5 1898.8 1901.1 1903.4 1905.7 1908 1910.3 1912.5 1914.8 1917.1 1919.4 1921.7 1924 1926.3 1928.6 1930.9 1933.2 1935.5 1937.8 1940.1 1942.4 1944.6 1946.9 1949.2 1951.5 1953.8 1956.1 1958.4 1960.7 1963 1965.3 1967.6 1969.9 1972.2 1974.5 1976.7 1979 1981.3 1983.6 1985.9 1988.2 1990.5
1825.8 1828.1 1830.4 1832.7 1835 1837.3 1839.6 1841.9 1844.1 1846.4 1848.7 1851 1853.3 1855.6 1857.9 1860.2 1862.5 1864.8 1867.1 1869.4 1871.7 1874 1876.3 1878.6 1880.9 1883.2 1885.5 1887.8 1890.1 1892.4 1894.7 1897 1899.3 1901.6 1903.9 1906.2 1908.5 1910.8 1913.1 1915.4 1917.7 1920 1922.3 1924.6 1926.9 1929.2 1931.5 1933.8 1936.1 1938.4 1940.7 1943 1945.3 1947.6 1949.9 1952.2 1954.5 1956.8 1959.1 1961.4 1963.7 1966 1968.3 1970.6 1972.9 1975.2 1977.5 1979.8 1982 1984.3 1986.6 1988.9
1823.8 1826.1 1828.4 1830.7 1833 1835.3 1837.6 1839.9 1842.2 1844.5 1846.8 1849.1 1851.5 1853.8 1856.1 1858.4 1860.7 1863 1865.3 1867.6 1869.9 1872.2 1874.5 1876.8 1879.1 1881.4 1883.7 1886 1888.3 1890.6 1892.9 1895.2 1897.5 1899.8 1902.1 1904.4 1906.7 1909.1 1911.4 1913.7 1916 1918.3 1920.6 1922.9 1925.2 1927.5 1929.8 1932.1 1934.4 1936.7 1939 1941.3 1943.6 1945.9 1948.2 1950.5 1952.8 1955.1 1957.4 1959.7 1962 1964.3 1966.7 1969 1971.3 1973.6 1975.9 1978.2 1980.5 1982.8 1985.1 1987.4
1821.8 1824.2 1826.5 1828.8 1831.1 1833.4 1835.7 1838 1840.3 1842.6 1844.9 1847.3 1849.6 1851.9 1854.2 1856.5 1858.8 1861.1 1863.4 1865.7 1868 1870.4 1872.7 1875 1877.3 1879.6 1881.9 1884.2 1886.5 1888.8 1891.1 1893.4 1895.8 1898.1 1900.4 1902.7 1905 1907.3 1909.6 1911.9 1914.2 1916.5 1918.9 1921.2 1923.5 1925.8 1928.1 1930.4 1932.7 1935 1937.3 1939.6 1942 1944.3 1946.6 1948.9 1951.2 1953.5 1955.8 1958.1 1960.4 1962.7 1965 1967.4 1969.7 1972 1974.3 1976.6 1978.9 1981.2 1983.5 1985.8
1819.9 1822.2 1824.5 1826.8 1829.2 1831.5 1833.8 1836.1 1838.4 1840.7 1843 1845.4 1847.7 1850 1852.3 1854.6 1856.9 1859.3 1861.6 1863.9 1866.2 1868.5 1870.8 1873.1 1875.5 1877.8 1880.1 1882.4 1884.7 1887 1889.4 1891.7 1894 1896.3 1898.6 1900.9 1903.2 1905.6 1907.9 1910.2 1912.5 1914.8 1917.1 1919.4 1921.8 1924.1 1926.4 1928.7 1931 1933.3 1935.7 1938 1940.3 1942.6 1944.9 1947.2 1949.5 1951.9 1954.2 1956.5 1958.8 1961.1 1963.4 1965.8 1968.1 1970.4 1972.7 1975 1977.3 1979.6 1982 1984.3
1817.9 1820.3 1822.6 1824.9 1827.2 1829.5 1831.9 1834.2 1836.5 1838.8 1841.1 1843.5 1845.8 1848.1 1850.4 1852.7 1855.1 1857.4 1859.7 1862 1864.4 1866.7 1869 1871.3 1873.6 1876 1878.3 1880.6 1882.9 1885.2 1887.6 1889.9 1892.2 1894.5 1896.8 1899.2 1901.5 1903.8 1906.1 1908.5 1910.8 1913.1 1915.4 1917.7 1920.1 1922.4 1924.7 1927 1929.3 1931.7 1934 1936.3 1938.6 1940.9 1943.3 1945.6 1947.9 1950.2 1952.6 1954.9 1957.2 1959.5 1961.8 1964.2 1966.5 1968.8 1971.1 1973.4 1975.8 1978.1 1980.4 1982.7
1816 1818.3 1820.6 1823 1825.3 1827.6 1829.9 1832.3 1834.6 1836.9 1839.2 1841.6 1843.9 1846.2 1848.5 1850.9 1853.2 1855.5 1857.9 1860.2 1862.5 1864.8 1867.2 1869.5 1871.8 1874.1 1876.5 1878.8 1881.1 1883.4 1885.8 1888.1 1890.4 1892.8 1895.1 1897.4 1899.7 1902.1 1904.4 1906.7 1909 1911.4 1913.7 1916 1918.3 1920.7 1923 1925.3 1927.7 1930 1932.3 1934.6 1937 1939.3 1941.6 1943.9 1946.3 1948.6 1950.9 1953.2 1955.6 1957.9 1960.2 1962.6 1964.9 1967.2 1969.5 1971.9 1974.2 1976.5 1978.8 1981.2
1814 1816.4 1818.7 1821 1823.3 1825.7 1828 1830.3 1832.7 1835 1837.3 1839.7 1842 1844.3 1846.7 1849 1851.3 1853.7 1856 1858.3 1860.7 1863 1865.3 1867.7 1870 1872.3 1874.7 1877 1879.3 1881.7 1884 1886.3 1888.7 1891 1893.3 1895.6 1898 1900.3 1902.6 1905 1907.3 1909.6 1912 1914.3 1916.6 1919 1921.3 1923.6 1926 1928.3 1930.6 1933 1935.3 1937.6 1940 1942.3 1944.6 1947 1949.3 1951.6 1954 1956.3 1958.6 1961 1963.3 1965.6 1968 1970.3 1972.6 1974.9 1977.3 1979.6
1812.1 1814.4 1816.7 1819.1 1821.4 1823.8 1826.1 1828.4 1830.8 1833.1 1835.4 1837.8 1840.1 1842.5 1844.8 1847.1 1849.5 1851.8 1854.1 1856.5 1858.8 1861.2 1863.5 1865.8 1868.2 1870.5 1872.8 1875.2 1877.5 1879.9 1882.2 1884.5 1886.9 1889.2 1891.6 1893.9 1896.2 1898.6 1900.9 1903.2 1905.6 1907.9 1910.3 1912.6 1914.9 1917.3 1919.6 1921.9 1924.3 1926.6 1929 1931.3 1933.6 1936 1938.3 1940.7 1943 1945.3 1947.7 1950 1952.3 1954.7 1957 1959.4 1961.7 1964 1966.4 1968.7 1971 1973.4 1975.7 1978.1
1810.1 1812.4 1814.8 1817.1 1819.5 1821.8 1824.2 1826.5 1828.9 1831.2 1833.5 1835.9 1838.2 1840.6 1842.9 1845.3 1847.6 1849.9 1852.3 1854.6 1857 1859.3 1861.7 1864 1866.4 1868.7 1871 1873.4 1875.7 1878.1 1880.4 1882.8 1885.1 1887.4 1889.8 1892.1 1894.5 1896.8 1899.2 1901.5 1903.8 1906.2 1908.5 1910.9 1913.2 1915.6 1917.9 1920.3 1922.6 1924.9 1927.3 1929.6 1932 1934.3 1936.7 1939 1941.3 1943.7 1946 1948.4 1950.7 1953.1 1955.4 1957.8 1960.1 1962.4 1964.8 1967.1 1969.5 1971.8 1974.2 1976.5
1808.1 1810.5 1812.8 1815.2 1817.5 1819.9 1822.2 1824.6 1826.9 1829.3 1831.6 1834 1836.3 1838.7 1841 1843.4 1845.7 1848.1 1850.4 1852.8 1855.1 1857.5 1859.8 1862.2 1864.5 1866.9 1869.2 1871.6 1873.9 1876.3 1878.6 1881 1883.3 1885.7 1888 1890.4 1892.7 1895.1 1897.4 1899.8 1902.1 1904.5 1906.8 1909.2 1911.5 1913.9 1916.2 1918.6 1920.9 1923.3 1925.6 1928 1930.3 1932.7 1935 1937.4 1939.7 1942.1 1944.4 1946.8 1949.1 1951.5 1953.8 1956.2 1958.5 1960.9 1963.2 1965.6 1967.9 1970.2 1972.6 1974.9
1806.2 1808.5 1810.9 1813.3 1815.6 1818 1820.3 1822.7 1825 1827.4 1829.7 1832.1 1834.4 1836.8 1839.2 1841.5 1843.9 1846.2 1848.6 1850.9 1853.3 1855.6 1858 1860.4 1862.7 1865.1 1867.4 1869.8 1872.1 1874.5 1876.8 1879.2 1881.5 1883.9 1886.3 1888.6 1891 1893.3 1895.7 1898 1900.4 1902.7 1905.1 1907.5 1909.8 1912.2 1914.5 1916.9 1919.2 1921.6 1923.9 1926.3 1928.6 1931 1933.4 1935.7 1938.1 1940.4 1942.8 1945.1 1947.5 1949.8 1952.2 1954.6 1956.9 1959.3 1961.6 1964 1966.3 1968.7 1971 1973.4
1804.2 1806.6 1809 1811.3 1813.7 1816 1818.4 1820.8 1823.1 1825.5 1827.8 1830.2 1832.6 1834.9 1837.3 1839.6 1842 1844.4 1846.7 1849.1 1851.4 1853.8 1856.2 1858.5 1860.9 1863.2 1865.6 1868 1870.3 1872.7 1875.1 1877.4 1879.8 1882.1 1884.5 1886.9 1889.2 1891.6 1893.9 1896.3 1898.7 1901 1903.4 1905.7 1908.1 1910.5 1912.8 1915.2 1917.5 1919.9 1922.3 1924.6 1927 1929.3 1931.7 1934.1 1936.4 1938.8 1941.1 1943.5 1945.9 1948.2 1950.6 1953 1955.3 1957.7 1960 1962.4 1964.8 1967.1 1969.5 1971.8
