CA-TP3/CA-TP3_Gini_0.86/dem_same_concave_rough.txt
ncols         400
nrows         400
xllcorner     100000
yllcorner     100000
cellsize      10
NODATA_value  -9999
[rows 208 to 233 of 400, columns 120 to 179 of 400]
2053.3362 2051.8970 2050.1451 2048.8219 2047.2132 2045.3359 2043.9140 2042.2987 2040.8380 2039.4988 2037.7519 2036.4448 2034.6809 2033.2863 2031.5107 2030.0096 2028.3412 2027.1743 2025.5082 2023.6823 2022.5076 2020.5915 2019.4334 2017.4323 2016.1903 2014.3401 2012.8068 2011.5477 2009.7928 2008.3355 2006.7185 2005.1492 2003.7435 2002.3628 2000.6745 1998.8226 1997.5171 1995.8938 1994.5787 1992.9992 1991.1017 1989.6618 1988.0859 1986.4106 1985.2837 1983.7771 1982.1322 1980.6754 1978.8387 1977.4717 1975.5882 1974.2840 1972.5971 1971.3377 1969.6564 1967.8873 1966.3832 1964.8420 1963.2547 1961.9892
2051.5264 2049.7398 2048.1697 2046.7251 2045.2620 2043.4889 2042.2209 2040.3901 2038.8565 2037.2191 2035.9723 2034.4139 2032.8667 2031.3510 2029.5479 2027.9900 2026.7261 2025.1353 2023.3307 2021.6532 2020.4965 2018.7638 2017.2367 2015.4896 2014.0571 2012.7063 2010.8843 2009.6362 2007.7277 2006.5488 2004.9633 2003.0651 2001.7361 2000.2571 1998.5410 1997.1654 1995.5722 1993.7855 1992.1861 1990.7303 1989.2465 1987.8402 1985.9158 1984.3559 1982.9935 1981.3852 1980.0204 1978.3147 1976.5453 1975.4387 1973.7477 1971.9433 1970.4829 1969.2517 1967.2469 1965.9443 1964.3286 1962.5746 1961.2674 1959.4313
2049.5018 2047.8643 2046.3918 2044.8805 2043.2703 2041.8590 2040.4299 2038.8536 2036.9264 2035.6886 2034.1129 2032.4373 2030.7776 2029.1677 2027.8521 2026.0651 2024.5955 2022.8520 2021.4159 2020.0768 2018.4105 2016.7246 2015.2456 2013.8346 2012.3784 2010.5175 2008.7984 2007.5408 2005.8505 2004.3466 2002.5910 2001.2524 1999.6025 1998.1919 1996.7155 1994.8184 1993.2898 1991.7056 1990.3844 1988.8339 1986.9715 1985.5583 1983.9503 1982.5995 1981.1336 1979.2602 1978.0065 1976.1054 1974.5978 1973.2174 1971.5485 1970.1175 1968.2765 1966.8342 1965.1465 1963.5620 1962.1073 1960.7249 1958.9194 1957.7626
2047.5672 2046.1269 2044.3570 2043.1932 2041.2348 2040.0952 2038.0899 2036.6143 2035.0069 2033.8128 2032.2523 2030.7457 2029.1162 2027.4424 2025.6351 2024.3781 2022.7890 2021.3599 2019.4859 2017.7908 2016.4160 2015.0379 2013.3853 2011.8179 2010.2375 2008.6699 2007.2402 2005.6370 2003.7618 2002.2258 2000.9954 1999.3035 1997.4634 1996.2978 1994.6472 1993.1880 1991.2145 1989.8931 1988.4524 1986.7347 1985.2486 1983.3821 1982.1384 1980.3971 1979.0139 1977.1586 1975.6999 1974.2661 1972.7928 1970.8621 1969.3317 1967.9474 1966.0961 1964.7513 1963.4149 1961.8702 1959.9377 1958.7138 1956.7287 1955.3156
2045.8167 2044.1042 2042.8710 2041.0432 2039.7607 2038.0233 2036.6473 2034.7590 2033.1170 2031.8836 2030.1507 2028.4570 2026.8762 2025.6649 2023.9008 2022.5235 2020.7186 2019.2361 2017.5749 2016.1768 2014.3925 2012.8672 2011.2308 2009.5452 2008.3966 2006.5738 2004.9334 2003.2923 2001.7982 2000.4808 1998.6157 1997.0759 1995.6159 1993.8579 1992.2323 1990.9655 1989.5673 1987.8464 1986.1648 1984.5456 1983.0276 1981.2362 1980.0303 1978.5316 1976.5527 1975.1410 1973.4008 1972.2060 1970.5552 1968.7427 1967.3837 1965.6674 1964.3645 1962.5270 1960.8839 1959.2635 1957.8123 1956.3393 1954.8599 1953.2363
2044.0895 2042.2686 2040.6979 2039.2724 2037.7349 2036.3436 2034.6939 2033.0985 2031.1652 2029.7276 2028.2833 2026.6653 2025.1923 2023.3461 2021.7316 2020.1676 2019.0238 2017.2847 2015.5248 2014.3000 2012.6046 2011.0801 2009.1072 2007.8413 2006.2777 2004.3962 2003.1581 2001.4371 2000.0969 1998.4286 1996.9716 1995.1220 1993.5667 1992.2012 1990.3078 1989.0470 1987.1599 1985.6895 1984.2439 1982.6470 1981.1623 1979.3452 1977.9308 1976.2057 1974.5920 1972.9679 1971.4528 1969.8412 1968.3272 1966.6206 1965.4322 1963.5426 1961.8859 1960.4700 1958.9648 1957.4990 1955.7875 1954.2196 1952.3957 1951.0785
2042.3822 2040.5569 2038.9585 2037.4640 2035.6466 2034.4294 2032.6606 2031.1578 2029.7170 2028.1074 2026.5320 2024.7812 2023.0175 2021.7945 2019.8817 2018.6827 2016.8675 2015.3929 2013.7073 2012.0588 2010.5567 2008.8381 2007.5370 2005.7585 2004.3926 2002.8327 2000.9067 1999.6567 1998.1500 1996.1912 1994.6805 1993.0446 1991.6898 1990.1863 1988.3562 1986.7029 1985.1271 1983.4905 1982.0006 1980.3524 1978.7255 1977.3503 1975.6691 1974.0037 1972.5589 1971.2597 1969.5583 1967.7055 1966.0867 1964.7895 1962.9038 1961.7812 1960.0562 1958.1563 1956.9647 1955.4605 1953.4415 1952.2683 1950.6711 1948.9569
2040.1000 2038.5912 2037.2512 2035.4993 2033.7197 2032.2623 2030.6492 2028.9607 2027.7365 2026.1184 2024.4092 2023.0386 2021.1356 2019.5369 2017.9595 2016.6327 2014.9919 2013.3305 2011.5935 2010.3194 2008.4093 2006.8766 2005.2899 2004.0146 2002.2206 2000.6905 1999.1169 1997.3836 1995.7659 1994.2416 1992.5056 1991.0762 1989.7162 1988.0044 1986.5395 1984.6168 1983.2945 1981.7413 1979.9100 1978.6638 1977.0222 1975.2605 1973.6957 1972.3417 1970.6504 1969.0709 1967.2080 1965.8054 1964.0420 1962.5694 1960.9898 1959.2813 1957.6109 1956.4762 1954.6423 1953.2099 1951.6005 1949.6892 1948.2278 1946.8635
2038.5670 2036.9437 2035.3154 2033.8354 2032.1167 2030.4453 2029.0504 2027.4649 2025.4975 2024.1745 2022.7573 2020.9686 2019.2320 2017.6327 2016.3154 2014.4991 2013.0690 2011.3368 2009.5792 2008.3525 2006.5102 2004.8516 2003.2853 2001.7081 2000.3957 1998.5380 1997.2194 1995.3154 1993.8210 1992.4526 1990.5591 1988.9799 1987.5199 1985.8929 1984.2057 1982.7317 1981.4272 1979.7802 1977.7586 1976.3140 1974.9146 1973.3126 1971.5085 1970.0698 1968.3570 1967.0249 1965.3987 1963.5737 1962.2712 1960.5342 1958.8911 1957.1257 1955.8880 1954.2756 1952.4991 1951.1808 1949.4283 1947.9237 1946.4254 1944.3693
2036.4592 2035.2130 2033.3364 2031.8667 2030.0142 2028.5983 2026.9584 2025.6544 2024.0672 2022.3935 2020.5576 2019.1391 2017.2555 2016.0871 2014.3235 2012.6022 2010.9151 2009.3022 2007.6388 2006.2285 2004.6906 2003.0038 2001.5362 2000.1281 1998.5036 1996.8621 1995.0959 1993.4943 1991.7025 1990.1364 1988.7712 1987.0886 1985.7585 1983.8918 1982.1417 1980.9006 1979.2269 1977.3115 1976.1823 1974.3990 1972.6038 1971.2928 1969.5415 1967.9607 1966.5979 1964.5492 1962.9753 1961.7630 1959.7875 1958.4912 1956.7374 1955.2252 1953.8075 1951.8490 1950.1697 1948.8182 1946.9955 1945.7059 1943.8735 1942.4134
2034.8838 2033.0345 2031.7349 2029.9044 2028.5189 2026.4821 2024.9335 2023.4188 2021.8892 2020.1810 2018.8241 2017.0149 2015.6656 2014.1340 2012.2836 2010.6860 2009.3649 2007.4317 2005.9556 2004.3416 2002.4668 2001.1645 1999.6504 1997.9164 1996.3637 1994.9125 1992.9607 1991.4289 1990.0621 1988.2098 1986.9319 1985.1891 1983.3218 1981.7384 1980.2499 1978.7816 1977.0622 1975.4022 1973.7339 1972.2400 1970.6017 1969.2009 1967.6757 1965.8467 1964.3264 1962.4803 1961.1316 1959.2986 1958.1221 1956.2137 1954.5745 1953.0604 1951.5071 1949.8864 1948.0738 1946.7985 1945.1549 1943.4908 1942.1321 1940.1087
2032.6289 2031.1640 2029.6566 2028.2927 2026.5409 2024.7900 2023.1739 2021.6357 2019.9110 2018.2164 2016.8776 2015.3463 2013.5219 2011.7760 2010.3498 2008.6466 2007.1466 2005.3474 2003.8521 2002.3153 2000.7089 1998.9643 1997.6190 1996.1323 1994.1305 1992.7582 1991.3646 1989.4534 1987.9531 1986.4947 1984.8229 1983.3155 1981.5735 1979.7330 1978.1771 1976.6380 1974.9477 1973.7027 1971.7020 1970.4311 1968.4134 1966.9993 1965.1885 1963.8852 1962.1872 1960.5681 1959.2234 1957.2462 1955.5785 1954.2583 1952.4613 1950.9001 1949.1704 1947.8833 1946.3572 1944.7989 1943.0343 1941.5289 1939.6120 1938.3763
2031.0246 2029.6239 2028.0133 2026.1693 2024.4152 2023.2048 2021.2202 2019.8885 2018.0813 2016.7110 2015.0243 2013.2549 2011.7248 2010.1783 2008.3452 2006.6532 2005.3829 2003.7145 2001.9658 2000.3523 1998.5776 1997.1952 1995.5996 1994.1514 1992.3670 1990.7020 1988.9505 1987.6320 1985.7616 1984.3084 1982.5445 1981.1738 1979.5966 1978.0483 1976.3430 1974.7048 1973.2637 1971.5291 1969.7140 1968.0227 1966.4756 1964.8793 1963.1897 1961.5099 1959.9990 1958.7020 1957.0077 1955.3595 1953.8477 1952.2901 1950.4170 1948.8701 1947.0063 1945.5837 1944.2143 1942.5739 1940.9107 1938.9783 1937.3540 1935.7562
2029.3209 2027.7322 2025.6905 2024.2263 2022.5146 2021.1021 2019.2261 2017.6951 2015.9819 2014.5274 2012.8170 2011.3321 2009.6691 2008.2603 2006.4750 2004.7578 2003.0994 2001.4411 1999.8620 1998.2395 1996.8536 1995.4458 1993.3852 1991.9845 1990.2807 1988.7181 1987.3520 1985.5929 1984.0256 1982.1048 1980.4556 1979.1249 1977.3475 1975.6325 1974.3050 1972.3829 1971.1468 1969.4391 1967.7036 1966.2171 1964.5997 1962.9977 1961.0532 1959.8336 1957.8124 1956.6521 1954.7861 1953.1643 1951.4513 1950.2063 1948.4311 1946.6884 1945.1188 1943.5125 1941.7245 1940.4199 1938.7777 1937.1926 1935.2921 1933.7680
2027.0852 2025.8256 2024.1792 2022.3507 2020.6619 2019.1910 2017.5919 2016.0098 2014.3531 2012.8568 2011.3155 2009.2594 2007.9592 2006.3818 2004.6030 2003.0222 2001.2403 1999.7010 1998.0091 1996.4160 1994.9754 1993.2390 1991.5981 1990.0965 1988.3543 1986.5650 1985.3550 1983.4187 1981.9428 1980.0557 1978.8569 1977.0931 1975.3628 1973.6012 1972.1041 1970.6008 1969.0543 1967.0825 1965.5036 1964.0381 1962.4311 1960.8950 1959.1423 1957.5507 1956.0494 1954.4896 1952.8784 1951.2802 1949.3649 1948.0028 1946.4290 1944.4792 1942.8452 1941.5431 1940.0080 1938.1474 1936.6801 1935.0002 1933.3281 1931.7317
2025.6626 2023.7809 2022.0673 2020.3460 2018.7082 2017.4834 2015.6761 2013.9428 2012.3632 2010.9114 2009.0723 2007.3474 2005.7293 2004.2624 2002.6775 2000.8641 1999.4437 1997.5586 1996.2910 1994.6797 1992.9009 1991.4123 1989.4793 1988.1086 1986.5083 1984.6438 1983.2344 1981.6739 1980.0692 1978.0886 1976.8936 1974.9641 1973.5230 1971.6660 1970.0115 1968.4921 1966.6902 1965.3963 1963.7489 1961.8854 1960.5301 1958.9100 1957.1259 1955.7618 1953.7321 1952.2268 1950.8398 1948.8939 1947.5885 1945.7885 1944.3141 1942.5449 1940.7000 1939.3160 1937.6903 1935.8822 1934.2478 1932.5439 1930.9000 1929.4259
2023.6589 2022.1824 2020.3548 2018.6691 2017.0036 2015.6198 2013.5676 2012.3364 2010.6829 2009.0732 2007.1016 2005.7843 2003.7837 2002.4283 2000.8013 1999.1973 1997.4954 1995.9780 1994.2401 1992.8257 1990.9644 1989.1556 1987.8177 1986.0743 1984.3237 1982.8637 1980.9347 1979.6068 1977.8483 1976.5349 1974.4077 1972.8790 1971.4225 1969.7894 1967.9681 1966.4883 1965.0625 1963.3300 1961.5316 1959.7800 1958.3318 1956.7133 1955.1909 1953.2242 1952.0537 1950.1772 1948.6968 1946.9623 1945.4341 1943.7413 1941.8369 1940.6008 1939.0200 1937.1151 1935.3337 1933.9996 1932.4415 1930.8463 1928.9601 1927.3427
2021.6603 2020.1898 2018.5664 2016.7195 2015.1243 2013.4716 2012.0908 2010.4337 2008.7593 2006.9593 2005.2963 2003.9166 2001.8731 2000.3949 1998.8223 1997.2646 1995.6454 1993.8181 1992.1031 1990.6882 1988.7601 1987.4274 1985.5321 1984.0598 1982.3687 1980.9296 1979.1784 1977.5090 1975.9877 1974.1943 1972.7965 1971.1804 1969.5297 1967.9632 1966.1592 1964.2897 1962.7415 1961.0138 1959.6867 1958.1410 1956.4205 1954.7498 1953.1753 1951.4506 1949.7124 1947.9668 1946.4410 1944.8730 1943.4391 1941.6587 1939.7888 1938.2215 1936.8895 1934.9701 1933.3711 1931.7316 1930.2172 1928.2352 1926.8148 1925.3329
2020.0430 2018.2811 2016.5121 2015.0418 2013.1726 2011.5979 2009.8308 2008.5809 2006.7302 2005.2460 2003.6407 2001.7041 2000.2681 1998.5226 1997.1245 1995.3157 1993.6129 1992.1142 1990.3488 1988.7448 1987.0628 1985.4551 1983.6066 1982.1858 1980.3665 1979.0141 1977.0744 1975.3981 1973.7611 1972.2317 1970.7227 1968.7620 1967.1720 1965.5482 1964.1471 1962.4085 1960.9007 1959.3249 1957.3962 1956.1074 1954.4146 1952.3932 1951.1690 1949.2102 1947.4934 1946.1036 1944.5475 1942.6980 1941.0591 1939.3274 1937.8115 1936.3090 1934.6517 1932.9209 1931.2076 1929.4015 1928.2121 1926.3235 1924.4484 1922.8770
2017.8061 2016.2329 2014.4932 2013.0513 2011.2720 2009.7059 2008.3115 2006.6108 2005.0436 2003.0678 2001.4388 1999.9787 1998.3277 1996.7768 1995.1919 1993.2556 1991.8372 1990.0280 1988.1946 1986.9245 1984.8915 1983.4111 1981.8139 1980.2562 1978.4402 1977.0722 1975.4608 1973.3551 1971.8475 1970.3774 1968.7418 1966.9956 1965.5739 1963.6421 1962.0163 1960.4088 1958.8754 1957.1338 1955.3361 1954.0306 1951.9426 1950.4174 1948.7907 1947.1060 1945.5586 1943.8185 1942.0920 1940.5315 1938.9072 1937.1978 1935.9548 1933.9365 1932.2276 1930.7477 1929.2711 1927.6406 1925.6147 1924.4064 1922.7274 1920.9205
2016.0536 2014.4387 2012.8713 2011.3983 2009.7311 2008.0281 2006.4114 2004.3698 2003.1820 2001.3148 1999.5109 1997.9076 1996.4943 1994.8129 1992.8600 1991.2284 1989.9070 1987.9946 1986.2351 1985.0159 1983.1799 1981.2776 1979.9149 1978.0666 1976.6372 1974.9048 1973.3258 1971.4431 1969.9744 1968.1121 1966.4598 1965.1456 1963.5631 1961.4927 1959.8850 1958.5032 1956.7520 1954.9359 1953.4986 1951.8386 1950.0272 1948.3430 1946.9215 1944.9859 1943.6598 1941.8948 1940.2680 1938.3913 1937.0721 1935.3388 1933.3478 1931.8841 1930.5345 1928.6861 1927.1583 1925.5133 1923.4882 1922.2849 1920.3808 1918.9152
2014.4997 2012.5999 2011.0829 2009.3891 2007.4924 2005.8085 2004.5785 2002.7680 2001.1601 1999.6002 1997.5196 1996.1691 1994.2984 1992.6319 1991.2186 1989.5148 1987.6912 1986.3782 1984.2541 1982.6723 1980.9711 1979.7047 1977.9430 1976.4295 1974.4761 1972.8376 1971.4629 1969.5330 1967.7820 1966.3743 1964.8529 1962.8714 1961.5433 1959.7517 1957.9743 1956.1404 1954.7801 1953.0171 1951.4094 1949.6117 1947.8872 1946.2470 1944.5041 1943.1806 1941.5962 1939.6424 1938.0009 1936.4374 1934.7133 1933.3841 1931.6118 1929.5883 1928.2265 1926.4865 1924.8977 1923.2958 1921.3041 1919.6862 1918.1654 1916.4876
2012.3397 2010.6870 2009.3188 2007.5151 2005.7147 2004.1182 2002.6214 2000.6081 1998.9205 1997.2665 1995.5968 1994.2224 1992.3507 1990.5931 1989.0084 1987.6307 1985.8695 1984.2629 1982.4342 1980.9327 1979.3428 1977.4461 1975.9371 1974.2615 1972.7342 1970.8985 1969.0476 1967.7076 1965.9695 1964.4551 1962.4169 1960.7824 1959.5120 1957.5637 1955.9454 1954.3835 1952.8185 1951.0464 1949.1542 1947.7987 1945.8866 1944.2534 1942.6242 1941.2541 1939.1491 1937.7291 1935.7819 1934.3475 1932.4754 1931.1722 1929.5725 1927.7635 1925.8489 1924.2811 1922.6133 1921.1106 1919.6014 1917.5212 1916.2130 1914.6575
2010.6702 2009.1104 2007.4221 2005.7712 2004.1359 2002.4708 2000.5375 1998.8035 1997.0787 1995.6169 1993.6671 1992.2611 1990.5400 1989.0833 1987.2906 1985.4791 1983.7553 1982.0639 1980.7755 1979.0850 1977.0489 1975.4014 1973.8793 1972.4581 1970.7914 1968.9017 1967.3190 1965.4895 1963.9225 1962.2131 1960.8405 1959.1227 1957.5017 1955.5686 1953.7847 1952.0147 1950.7135 1948.8706 1947.2389 1945.6388 1943.8464 1942.4435 1940.3727 1939.0765 1937.3586 1935.7804 1933.9377 1932.2126 1930.5459 1929.0560 1927.4359 1925.7296 1924.0515 1922.4861 1920.8005 1919.0764 1917.0549 1915.4105 1913.9069 1912.5006
2008.8903 2007.1272 2005.4037 2003.5261 2001.9172 2000.4052 1998.9355 1996.9388 1995.4836 1993.8436 1991.9112 1990.5010 1988.8984 1986.8089 1985.4759 1983.5216 1982.1178 1980.1685 1978.8455 1976.7269 1975.5121 1973.8488 1972.1563 1970.0882 1968.8381 1966.9296 1965.4711 1963.8448 1961.7345 1960.1681 1958.4904 1957.1286 1955.4691 1953.7286 1951.9126 1950.3693 1948.4197 1947.0701 1945.0543 1943.6188 1941.7572 1940.1068 1938.7601 1936.8290 1935.2672 1933.5768 1932.0758 1930.2810 1928.6304 1926.8095 1924.9751 1923.7052 1921.6891 1919.9438 1918.5664 1916.6152 1915.0900 1913.5017 1911.9833 1910.3160
2006.8523 2004.9730 2003.4246 2001.9261 1999.9343 1998.5697 1996.5733 1995.3454 1993.3181 1991.8335 1990.2494 1988.3868 1986.6428 1985.0138 1983.2707 1981.5498 1980.2429 1978.2464 1976.5476 1975.0656 1973.1851 1971.6342 1970.1270 1968.0995 1966.3949 1965.1298 1963.4623 1961.5774 1960.0500 1958.3244 1956.3320 1955.0266 1953.2294 1951.5771 1949.6414 1948.1951 1946.7480 1944.7543 1943.1770 1941.4751 1939.8594 1938.1249 1936.2673 1934.6441 1933.0039 1931.6428 1929.6759 1928.1637 1926.3396 1924.6168 1923.1768 1921.1268 1919.4605 1918.2287 1916.1368 1914.8797 1913.0117 1911.1069 1909.4215 1908.0781
