CA-TP3/CA-TP3_Gini_0.86/dem_same_concave_rough.txt
ncols         400
nrows         400
xllcorner     100000
yllcorner     100000
cellsize      10
NODATA_value  -9999
[rows 156 to 181 of 400, columns 300 to 359 of 400]
2177.0651 2178.4606 2179.3906 2180.9124 2181.9119 2183.4257 2184.8611 2185.8153 2187.1874 2188.4886 2190.0002 2191.0530 2192.5670 2193.7855 2195.1542 2196.3399 2197.5189 2198.8494 2200.1642 2201.2392 2202.8339 2204.0437 2205.4434 2206.7871 2207.7826 2208.9636 2210.3409 2211.5947 2213.0039 2214.4677 2215.7249 2217.0504 2218.1603 2219.3761 2220.9951 2222.2644 2223.5773 2224.6605 2225.9290 2227.2675 2228.6230 2229.6614 2231.0036 2232.3748 2233.7576 2235.1598 2236.4703 2237.3521 2238.6205 2240.0910 2241.3932 2242.5816 2244.1280 2245.0813 2246.6945 2247.8036 2249.0502 2250.3231 2251.7457 2253.2173
2175.4404 2176.6634 2177.6234 2179.1478 2180.3861 2181.5566 2182.9195 2184.3705 2185.4096 2186.7106 2188.3672 2189.5702 2190.4832 2191.9114 2193.3664 2194.6544 2195.7084 2197.4283 2198.6701 2199.9575 2201.0699 2202.4312 2203.5085 2204.7238 2206.3209 2207.7623 2208.7893 2210.3487 2211.2886 2212.6570 2213.8380 2215.4498 2216.4762 2217.7591 2219.0011 2220.5238 2221.9879 2223.1284 2224.5892 2225.6508 2227.1934 2228.1830 2229.3777 2230.9058 2232.2450 2233.6341 2234.5048 2236.0793 2237.2944 2238.3762 2240.0259 2241.1280 2242.2709 2243.7818 2244.9116 2246.1007 2247.8652 2249.0949 2250.0017 2251.3194
2173.4162 2174.8620 2176.1098 2177.1449 2178.6997 2180.1850 2181.4528 2182.7549 2183.6843 2185.0376 2186.6500 2187.8510 2189.0580 2190.3461 2191.4603 2193.0264 2194.4552 2195.5638 2196.6099 2198.3247 2199.6306 2200.5173 2202.0666 2203.1674 2204.7882 2205.7751 2207.2983 2208.3117 2209.8604 2210.8686 2212.3329 2213.6841 2214.7643 2216.2369 2217.5399 2219.1264 2220.2228 2221.3850 2222.7910 2224.1656 2225.3513 2226.8098 2228.1921 2229.1238 2230.7106 2232.0701 2233.1268 2234.5541 2235.6338 2237.0537 2238.2117 2239.5774 2241.0247 2242.3237 2243.7428 2245.0972 2246.3890 2247.3219 2248.6547 2250.0352
2171.6509 2173.1785 2174.0746 2175.6449 2176.7361 2178.3623 2179.4030 2180.5816 2182.3357 2183.4697 2184.7609 2186.1721 2187.5697 2188.5817 2189.8378 2191.1943 2192.5506 2194.0742 2195.1218 2196.3398 2197.6051 2199.2554 2200.4836 2201.9131 2203.0962 2204.1239 2205.3520 2206.8101 2208.3066 2209.2631 2210.8250 2212.3118 2213.2054 2214.8667 2216.1701 2217.5308 2218.8720 2219.8766 2221.2505 2222.4673 2223.9876 2225.1143 2226.6806 2227.7758 2229.0816 2230.2468 2231.6174 2233.2043 2234.3086 2235.7205 2237.1288 2238.0554 2239.6550 2240.5902 2242.2778 2243.4571 2244.9302 2246.2374 2247.3913 2248.8483
2169.7485 2171.0335 2172.7412 2174.0698 2175.0944 2176.4054 2177.6778 2178.9454 2180.3396 2181.5213 2183.2285 2184.5342 2185.7566 2187.0938 2188.2264 2189.6132 2190.9196 2192.4251 2193.7384 2195.0476 2196.0924 2197.2297 2198.5180 2200.2909 2201.3500 2202.5390 2203.9448 2205.2859 2206.4687 2207.8620 2209.1057 2210.6971 2211.9308 2213.0641 2214.5929 2215.7594 2217.2726 2218.5204 2219.5332 2220.8275 2222.0672 2223.4709 2224.7420 2226.1565 2227.6390 2228.9426 2230.1180 2231.5734 2232.7986 2234.0200 2235.6011 2236.9147 2238.0382 2239.2531 2240.5208 2242.0332 2243.4202 2244.7657 2245.9390 2246.9689
2168.3650 2169.7477 2170.6230 2172.1766 2173.2656 2174.8116 2176.2114 2177.5216 2178.8036 2180.0909 2181.5598 2182.7880 2184.0281 2185.5263 2186.4773 2187.8230 2189.3367 2190.5341 2191.6657 2193.1260 2194.4261 2195.6200 2197.2485 2198.5173 2199.4909 2200.8522 2202.5617 2203.7722 2205.0416 2206.4661 2207.6586 2208.9218 2210.4335 2211.6150 2212.7789 2214.1646 2215.4323 2216.8438 2218.1262 2219.4613 2220.9094 2222.2610 2223.1394 2224.8445 2225.7730 2227.5610 2228.5457 2229.6936 2231.0165 2232.6417 2233.7187 2234.9935 2236.5265 2237.7872 2239.2866 2240.6734 2241.7503 2243.1323 2244.4762 2245.6342
2166.2250 2167.5264 2169.3236 2170.5128 2171.5058 2173.0115 2174.3544 2175.6027 2177.1961 2178.3325 2179.6050 2181.0908 2182.0356 2183.5254 2184.8697 2186.3799 2187.6251 2188.7807 2190.0792 2191.3918 2192.5769 2194.3251 2195.2869 2196.6954 2198.1675 2199.3417 2200.6205 2202.2723 2203.4581 2204.5850 2205.7684 2207.3854 2208.7670 2210.1019 2211.3635 2212.6623 2213.9157 2215.1809 2216.5955 2217.7849 2219.4395 2220.3346 2221.7519 2223.0248 2224.3123 2225.8815 2227.0378 2228.3055 2229.7065 2231.2289 2232.1749 2233.6076 2235.1570 2236.4712 2237.5091 2238.9081 2240.0835 2241.4060 2243.0045 2244.4072
2164.9447 2165.9423 2167.1935 2168.6652 2170.1826 2171.1308 2172.8294 2173.8992 2175.4264 2176.4929 2178.1245 2179.1338 2180.4948 2182.1383 2183.1652 2184.3198 2185.7707 2187.2741 2188.4905 2190.0899 2190.9911 2192.4182 2193.7227 2195.0669 2196.5190 2197.6358 2199.0704 2200.6260 2201.5417 2203.0306 2204.3414 2205.5825 2207.1668 2208.6187 2209.4704 2211.2670 2212.4745 2213.6660 2214.9929 2216.5316 2217.4750 2219.1380 2220.4328 2221.8190 2222.6969 2224.3904 2225.7351 2227.1096 2228.1659 2229.3698 2230.7577 2232.3619 2233.3513 2234.7398 2236.1737 2237.6681 2238.7500 2240.3588 2241.7051 2242.8244
2162.9754 2164.0759 2165.7760 2166.7753 2168.2525 2169.5001 2170.7059 2172.3305 2173.6582 2175.1101 2176.2313 2177.6297 2178.6852 2180.4201 2181.6828 2182.8902 2184.4326 2185.5930 2187.0782 2188.1282 2189.4215 2191.0192 2192.1750 2193.4657 2195.0092 2196.1635 2197.6673 2198.8498 2200.2144 2201.6724 2202.9639 2204.2696 2205.4483 2206.9175 2207.8800 2209.5190 2210.6771 2211.8719 2213.6693 2214.7407 2216.0885 2217.4693 2218.9785 2220.1909 2221.2405 2222.7668 2224.1179 2225.2284 2226.7982 2228.0331 2229.1860 2230.8420 2232.1102 2233.2504 2234.8879 2235.8694 2237.2759 2238.8806 2239.7756 2241.5059
2161.2231 2162.4071 2163.8385 2164.9696 2166.5622 2168.0786 2169.0935 2170.4452 2172.0612 2173.3204 2174.3243 2175.8213 2177.3850 2178.3428 2180.0452 2181.1418 2182.7279 2183.9123 2185.1251 2186.3792 2187.9234 2189.2157 2190.3906 2191.6353 2193.1891 2194.6772 2196.0839 2197.2393 2198.4900 2199.7638 2201.2361 2202.4215 2203.9448 2205.1106 2206.5373 2208.0985 2208.9817 2210.3657 2211.8458 2213.0348 2214.5051 2215.7371 2216.9658 2218.3523 2219.7545 2221.0061 2222.3792 2223.8786 2225.4308 2226.6853 2227.9712 2229.0438 2230.6491 2231.6750 2233.3598 2234.6896 2235.9787 2237.1727 2238.7086 2240.0072
2159.4652 2160.8071 2162.3287 2163.6258 2164.6871 2166.3674 2167.5811 2168.6029 2170.1691 2171.6618 2172.8880 2174.0186 2175.7029 2176.8463 2178.3905 2179.3085 2180.9675 2182.0439 2183.3942 2184.7506 2186.0283 2187.4127 2188.9097 2190.4287 2191.7283 2192.7348 2194.2004 2195.6365 2196.9045 2198.4267 2199.5999 2201.1423 2202.2800 2203.6626 2204.7684 2206.4091 2207.8427 2208.9007 2210.3589 2211.5959 2212.7552 2214.3857 2215.8533 2217.1349 2218.3047 2219.8585 2220.8979 2222.2136 2223.5527 2224.7947 2226.5928 2227.4866 2228.9971 2230.2650 2231.9240 2233.2028 2234.4794 2235.7089 2237.3146 2238.4542
2157.6386 2158.8136 2160.2195 2161.7693 2163.0820 2164.4328 2165.5552 2167.0126 2168.3840 2169.7001 2171.1262 2172.2421 2173.6038 2175.2192 2176.3236 2177.7355 2179.1204 2180.5934 2181.7020 2183.0759 2184.3538 2185.7396 2187.2125 2188.7115 2189.7657 2191.4378 2192.3794 2193.7985 2195.3393 2196.7288 2197.8919 2199.3581 2200.7736 2202.2274 2203.3636 2204.6257 2206.0829 2207.3022 2208.6330 2210.0488 2211.3080 2212.7508 2214.3356 2215.3109 2216.7895 2218.3527 2219.5962 2220.6077 2222.3293 2223.6897 2224.7376 2226.0285 2227.7894 2228.9913 2230.4447 2231.6052 2232.9534 2234.4918 2235.8725 2236.7447
2155.9162 2157.1822 2158.4447 2159.7680 2161.4573 2162.5955 2163.7983 2165.2075 2166.6030 2168.1867 2169.6473 2170.8539 2171.9751 2173.3893 2174.7832 2176.4025 2177.6637 2178.7058 2180.2512 2181.4267 2183.1121 2184.3118 2185.7539 2186.9998 2188.1491 2189.4431 2190.9525 2192.1641 2193.4574 2195.2490 2196.5322 2197.8729 2198.9947 2200.2472 2201.6747 2203.1585 2204.6434 2205.7380 2207.0395 2208.4336 2209.8511 2211.1520 2212.4214 2214.0895 2215.2230 2216.4186 2218.2077 2219.1940 2220.9322 2222.0674 2223.3409 2224.6311 2225.8487 2227.2803 2228.9623 2230.2041 2231.5148 2232.9241 2234.1527 2235.3440
2154.1012 2155.4676 2156.7390 2158.4956 2159.7529 2160.7777 2162.2973 2163.5408 2165.0977 2166.3042 2167.8695 2169.2285 2170.2731 2171.8013 2173.0400 2174.6480 2175.6689 2177.3332 2178.5148 2180.1000 2181.2368 2182.7218 2183.8915 2185.5027 2186.4439 2187.9276 2189.1653 2190.8343 2192.0100 2193.2907 2194.8303 2195.9137 2197.4528 2198.6651 2200.4453 2201.7915 2202.7700 2204.4068 2205.3917 2206.9755 2208.5084 2209.8417 2210.8246 2212.2010 2213.9286 2215.0856 2216.2674 2217.8545 2218.9983 2220.7214 2221.6529 2223.1663 2224.6471 2226.0265 2227.2907 2228.4285 2230.1934 2231.4216 2232.8076 2234.2803
2152.3958 2153.8894 2155.0321 2156.2616 2157.7176 2159.0796 2160.7812 2161.7141 2163.1908 2164.7623 2165.9893 2167.1923 2168.7020 2170.3174 2171.3036 2172.7566 2174.3260 2175.6029 2176.8592 2178.3628 2179.6348 2180.8985 2182.1744 2183.5556 2185.2456 2186.6272 2187.9130 2189.2037 2190.3200 2191.9567 2193.1517 2194.7553 2196.0502 2197.5017 2198.5315 2200.0458 2201.2513 2202.6259 2204.3111 2205.5813 2206.8000 2208.2124 2209.6387 2210.9415 2212.1358 2213.4895 2215.0297 2216.4537 2217.9031 2218.8661 2220.2804 2221.7489 2223.1852 2224.2109 2225.8486 2227.1011 2228.5612 2229.7135 2231.1227 2232.3822
2150.7170 2152.2352 2153.4114 2154.9968 2155.9709 2157.7298 2159.0219 2160.1979 2161.4226 2162.9326 2164.2527 2165.6384 2166.9146 2168.2593 2169.5552 2170.9018 2172.4555 2173.8630 2175.3595 2176.5815 2178.1590 2179.1333 2180.4438 2182.1084 2183.2314 2184.9138 2186.1419 2187.4721 2188.8901 2190.1281 2191.5911 2192.7478 2194.4639 2195.7681 2196.8363 2198.5741 2199.6705 2200.9084 2202.5806 2203.7313 2205.4717 2206.8512 2207.9235 2209.2614 2210.6353 2212.2556 2213.5902 2214.7177 2215.9475 2217.2784 2218.7744 2220.4021 2221.3724 2223.1167 2224.1952 2225.8431 2227.3057 2228.2467 2229.6702 2231.3473
2148.7793 2150.2728 2151.6117 2153.0891 2154.3574 2155.8689 2157.2930 2158.4658 2159.7447 2161.2139 2162.4425 2163.9350 2165.4681 2166.9217 2168.1779 2169.2541 2170.8234 2171.9689 2173.3884 2174.7257 2176.5443 2177.7325 2179.2851 2180.4561 2181.9332 2183.0552 2184.3030 2185.7489 2187.3064 2188.4119 2190.0818 2191.4015 2192.7987 2194.1269 2195.6133 2197.0311 2198.4127 2199.4647 2201.1873 2202.2911 2203.5355 2205.2890 2206.4433 2207.5719 2209.0926 2210.3837 2211.7431 2213.2383 2214.4089 2215.8610 2217.4541 2218.9636 2219.9753 2221.6511 2222.9845 2224.3091 2225.5939 2227.1821 2228.2235 2229.5960
2147.3276 2148.7592 2150.0574 2151.3968 2152.4404 2153.9253 2155.5774 2156.8599 2158.2483 2159.5981 2160.8222 2162.3694 2163.4461 2165.1395 2166.5108 2167.7879 2168.9294 2170.5639 2172.1019 2173.1743 2174.4864 2175.9357 2177.4269 2178.8332 2180.0876 2181.4459 2183.0838 2184.4356 2185.6307 2186.9909 2188.3319 2189.5947 2191.2096 2192.5233 2194.0764 2195.1159 2196.6542 2198.0618 2199.5939 2200.9197 2201.9772 2203.7080 2204.7666 2206.0926 2207.6887 2208.9194 2210.1524 2211.9549 2213.1160 2214.5914 2215.9493 2217.3918 2218.5104 2220.0379 2221.4745 2222.9633 2224.1626 2225.6858 2226.6226 2228.3757
2145.5301 2146.6769 2148.1628 2149.5276 2151.0361 2152.2872 2153.6885 2154.9130 2156.3185 2157.9363 2159.2428 2160.4123 2161.8115 2163.3082 2164.6319 2166.0555 2167.3202 2168.6779 2170.4059 2171.6083 2172.9225 2174.6279 2175.8184 2176.9447 2178.6536 2179.7849 2181.3061 2182.4391 2184.2859 2185.2394 2186.9457 2188.1517 2189.6887 2191.0274 2192.2377 2193.8252 2194.8450 2196.2440 2197.7295 2199.4444 2200.7712 2201.9301 2203.4376 2204.5587 2206.1990 2207.2442 2209.0388 2210.2961 2211.7182 2212.9279 2214.3045 2215.5284 2217.1734 2218.6685 2219.9520 2221.4886 2222.8516 2224.0152 2225.1628 2227.0178
2143.6385 2145.2559 2146.3045 2148.0539 2149.0670 2150.3529 2152.1666 2153.2332 2154.6188 2155.9838 2157.5745 2158.7362 2160.0959 2161.9147 2162.8946 2164.5639 2166.0499 2167.4146 2168.6574 2169.9762 2171.3317 2172.8023 2173.9267 2175.6917 2177.0891 2178.0618 2179.5321 2181.1246 2182.5135 2183.6738 2185.2043 2186.7491 2187.9036 2189.2420 2190.8350 2192.0959 2193.6677 2195.1310 2196.4571 2197.7757 2198.8053 2200.3909 2201.9386 2203.2666 2204.5990 2205.7524 2207.5131 2208.7327 2210.2683 2211.5446 2212.7262 2214.4345 2215.5167 2217.1618 2218.5251 2220.0396 2221.2796 2222.7322 2224.0866 2225.1042
2141.8031 2143.1275 2144.8253 2145.9426 2147.5327 2148.7262 2150.3707 2151.4228 2152.8169 2154.2164 2155.6991 2157.2856 2158.3733 2159.7739 2161.3196 2162.8142 2164.2713 2165.4999 2167.0691 2168.4461 2169.9085 2170.9223 2172.2822 2173.8397 2175.3941 2176.6486 2178.2037 2179.6435 2180.7552 2182.0119 2183.5031 2185.2064 2186.3538 2187.5741 2189.1085 2190.7289 2191.8146 2193.2199 2194.7835 2195.9385 2197.6769 2198.8162 2200.4931 2201.7224 2202.8876 2204.5120 2205.5976 2207.0296 2208.6201 2210.0034 2211.3759 2213.0165 2214.1904 2215.3426 2216.7379 2218.3542 2219.5790 2221.1273 2222.4513 2223.8562
2140.4111 2141.7808 2142.8150 2144.1722 2145.5763 2147.2683 2148.5267 2150.0463 2151.1354 2152.7495 2153.9402 2155.4091 2156.8053 2158.5097 2159.8663 2161.1463 2162.3239 2164.0994 2165.1433 2166.5810 2167.8090 2169.3874 2170.8589 2172.3097 2173.6939 2174.7891 2176.6051 2177.7571 2179.1636 2180.5143 2181.9301 2183.5810 2185.0097 2186.0798 2187.6109 2189.1545 2190.4214 2191.5680 2192.9044 2194.6946 2195.9698 2197.2811 2198.7970 2200.1847 2201.3717 2203.1064 2204.5456 2205.6095 2206.8669 2208.7191 2209.8183 2211.4365 2212.8963 2214.0817 2215.2957 2216.9768 2218.3926 2219.6190 2220.9049 2222.3361
2138.2041 2139.8980 2141.2021 2142.4147 2143.9844 2145.5692 2146.9227 2148.2418 2149.8410 2150.9569 2152.2026 2153.7093 2155.2048 2156.7424 2157.9955 2159.5610 2160.5840 2162.0352 2163.7024 2165.1872 2166.2512 2168.0226 2169.0878 2170.4896 2172.1707 2173.4626 2174.6953 2176.3462 2177.3518 2179.0439 2180.6118 2182.0346 2183.3978 2184.6327 2186.1270 2187.1891 2188.5803 2190.1425 2191.6959 2193.0089 2194.3624 2195.7769 2196.9800 2198.7141 2200.0735 2201.2267 2202.9482 2204.3233 2205.4197 2207.0698 2208.3120 2209.6756 2211.2935 2212.3777 2213.7660 2215.2308 2216.8392 2218.2436 2219.7378 2220.8688
2136.5581 2138.2226 2139.3169 2140.8007 2142.5143 2143.5677 2145.0715 2146.5822 2147.9685 2149.1791 2150.8715 2152.3064 2153.3367 2154.9835 2156.5244 2157.5377 2158.9631 2160.7777 2162.1478 2163.4105 2164.8261 2166.1337 2167.5076 2169.0991 2170.2765 2171.6250 2173.0981 2174.5406 2175.9814 2177.4204 2178.8660 2180.4390 2181.4392 2182.8798 2184.1848 2185.8054 2187.3059 2188.4411 2190.1455 2191.3732 2192.9520 2194.4669 2195.6175 2196.8936 2198.4481 2199.8360 2201.4091 2202.6026 2204.2668 2205.4717 2206.7199 2208.0759 2209.7713 2211.2333 2212.5724 2213.8913 2215.1101 2216.6914 2218.2546 2219.6199
2135.1427 2136.4000 2137.5627 2138.9686 2140.5327 2141.8531 2143.4700 2144.9234 2146.2707 2147.4295 2148.8799 2150.3890 2152.0120 2153.2227 2154.7571 2156.1219 2157.2380 2158.9498 2160.5298 2161.8959 2163.1165 2164.3580 2165.8214 2167.1795 2168.7194 2170.1960 2171.3601 2173.1162 2174.3690 2175.7684 2177.0145 2178.5879 2179.8930 2181.2044 2183.0109 2183.9962 2185.4947 2187.1837 2188.5730 2189.6606 2191.0766 2192.5138 2194.1474 2195.2721 2196.9405 2198.1845 2199.7548 2200.9867 2202.6936 2203.8989 2205.3946 2206.8251 2208.4187 2209.7704 2210.9632 2212.1935 2213.9984 2215.0916 2216.6971 2217.8158
2132.9918 2134.8209 2136.1605 2137.6334 2138.9393 2140.0685 2141.4596 2143.1205 2144.4481 2145.9456 2147.5258 2148.8182 2150.2424 2151.5075 2152.7283 2154.3937 2155.7570 2157.3815 2158.3828 2160.0356 2161.5534 2163.0760 2164.4309 2165.7092 2166.9822 2168.5113 2170.0487 2171.3114 2172.9290 2174.1101 2175.5347 2177.0683 2178.3973 2179.9451 2181.0697 2182.4626 2184.2565 2185.4297 2186.6896 2188.1703 2189.8389 2191.0716 2192.3750 2194.0927 2195.4800 2196.6309 2198.0629 2199.4267 2201.2214 2202.7089 2204.0935 2205.4594 2206.7200 2208.1818 2209.6354 2210.8128 2212.1384 2213.5914 2215.3475 2216.6604
