CA-TP3/CA-TP3_Gini_0.86/dem_bed_modified.txt
ncols         400
nrows         400
xllcorner     100000
yllcorner     100000
cellsize      10
NODATA_value  -9999
[rows 64 to 95 of 400, columns 216 to 287 of 400]
2237.5 2238.4 2239.3 2240.2 2241.1 2242 2242.9 2243.9 2244.8 2245.7 2246.6 2247.5 2248.4 2249.4 2250.3 2251.2 2252.1 2253 2253.9 2254.8 2255.8 2256.7 2257.6 2258.5 2259.4 2260.3 2261.3 2262.2 2263.1 2264 2264.9 2265.8 2266.8 2267.7 2268.6 2269.5 2270.4 2271.3 2272.2 2273.2 2274.1 2275 2275.9 2276.8 2277.7 2278.7 2279.6 2280.5 2281.4 2282.3 2283.2 2284.1 2285.1 2286 2286.9 2287.8 2288.7 2289.6 2290.6 2291.5 2292.4 2293.3 2294.2 2295.1 2296 2297 2297.9 2298.8 2299.7 2300.6 2301.5 2302.5
2235.1 2236 2236.9 2237.9 2238.8 2239.7 2240.6 2241.5 2242.5 2243.4 2244.3 2245.2 2246.1 2247.1 2248 2248.9 2249.8 2250.7 2251.7 2252.6 2253.5 2254.4 2255.4 2256.3 2257.2 2258.1 2259 2260 2260.9 2261.8 2262.7 2263.6 2264.6 2265.5 2266.4 2267.3 2268.3 2269.2 2270.1 2271 2271.9 2272.9 2273.8 2274.7 2275.6 2276.5 2277.5 2278.4 2279.3 2280.2 2281.1 2282.1 2283 2283.9 2284.8 2285.8 2286.7 2287.6 2288.5 2289.4 2290.4 2291.3 2292.2 2293.1 2294 2295 2295.9 2296.8 2297.7 2298.6 2299.6 2300.5
2232.7 2233.7 2234.6 2235.5 2236.4 2237.4 2238.3 2239.2 2240.1 2241.1 2242 2242.9 2243.8 2244.8 2245.7 2246.6 2247.6 2248.5 2249.4 2250.3 2251.3 2252.2 2253.1 2254 2255 2255.9 2256.8 2257.7 2258.7 2259.6 2260.5 2261.5 2262.4 2263.3 2264.2 2265.2 2266.1 2267 2267.9 2268.9 2269.8 2270.7 2271.6 2272.6 2273.5 2274.4 2275.4 2276.3 2277.2 2278.1 2279.1 2280 2280.9 2281.8 2282.8 2283.7 2284.6 2285.6 2286.5 2287.4 2288.3 2289.3 2290.2 2291.1 2292 2293 2293.9 2294.8 2295.7 2296.7 2297.6 2298.5
2230.4 2231.3 2232.2 2233.2 2234.1 2235 2236 2236.9 2237.8 2238.8 2239.7 2240.6 2241.5 2242.5 2243.4 2244.3 2245.3 2246.2 2247.1 2248.1 2249 2249.9 2250.9 2251.8 2252.7 2253.7 2254.6 2255.5 2256.5 2257.4 2258.3 2259.3 2260.2 2261.1 2262.1 2263 2263.9 2264.9 2265.8 2266.7 2267.7 2268.6 2269.5 2270.5 2271.4 2272.3 2273.3 2274.2 2275.1 2276 2277 2277.9 2278.8 2279.8 2280.7 2281.6 2282.6 2283.5 2284.4 2285.4 2286.3 2287.2 2288.2 2289.1 2290 2291 2291.9 2292.8 2293.8 2294.7 2295.6 2296.6
2228 2228.9 2229.9 2230.8 2231.7 2232.7 2233.6 2234.6 2235.5 2236.4 2237.4 2238.3 2239.3 2240.2 2241.1 2242.1 2243 2243.9 2244.9 2245.8 2246.8 2247.7 2248.6 2249.6 2250.5 2251.4 2252.4 2253.3 2254.3 2255.2 2256.1 2257.1 2258 2259 2259.9 2260.8 2261.8 2262.7 2263.6 2264.6 2265.5 2266.5 2267.4 2268.3 2269.3 2270.2 2271.1 2272.1 2273 2274 2274.9 2275.8 2276.8 2277.7 2278.7 2279.6 2280.5 2281.5 2282.4 2283.3 2284.3 2285.2 2286.2 2287.1 2288 2289 2289.9 2290.8 2291.8 2292.7 2293.7 2294.6
2225.6 2226.6 2227.5 2228.5 2229.4 2230.3 2231.3 2232.2 2233.2 2234.1 2235.1 2236 2237 2237.9 2238.8 2239.8 2240.7 2241.7 2242.6 2243.6 2244.5 2245.4 2246.4 2247.3 2248.3 2249.2 2250.2 2251.1 2252.1 2253 2253.9 2254.9 2255.8 2256.8 2257.7 2258.7 2259.6 2260.5 2261.5 2262.4 2263.4 2264.3 2265.3 2266.2 2267.2 2268.1 2269 2270 2270.9 2271.9 2272.8 2273.8 2274.7 2275.6 2276.6 2277.5 2278.5 2279.4 2280.4 2281.3 2282.3 2283.2 2284.1 2285.1 2286 2287 2287.9 2288.9 2289.8 2290.8 2291.7 2292.6
2223.3 2224.2 2225.2 2226.1 2227.1 2228 2229 2229.9 2230.9 2231.8 2232.8 2233.7 2234.7 2235.6 2236.6 2237.5 2238.5 2239.4 2240.4 2241.3 2242.3 2243.2 2244.2 2245.1 2246 2247 2247.9 2248.9 2249.8 2250.8 2251.7 2252.7 2253.6 2254.6 2255.5 2256.5 2257.4 2258.4 2259.3 2260.3 2261.2 2262.2 2263.1 2264.1 2265 2266 2266.9 2267.9 2268.8 2269.8 2270.7 2271.7 2272.6 2273.6 2274.5 2275.5 2276.4 2277.4 2278.3 2279.3 2280.2 2281.2 2282.1 2283.1 2284 2285 2285.9 2286.9 2287.8 2288.8 2289.7 2290.7
2220.9 2221.9 2222.8 2223.8 2224.7 2225.7 2226.6 2227.6 2228.5 2229.5 2230.4 2231.4 2232.4 2233.3 2234.3 2235.2 2236.2 2237.1 2238.1 2239 2240 2241 2241.9 2242.9 2243.8 2244.8 2245.7 2246.7 2247.6 2248.6 2249.6 2250.5 2251.5 2252.4 2253.4 2254.3 2255.3 2256.2 2257.2 2258.1 2259.1 2260.1 2261 2262 2262.9 2263.9 2264.8 2265.8 2266.7 2267.7 2268.7 2269.6 2270.6 2271.5 2272.5 2273.4 2274.4 2275.3 2276.3 2277.3 2278.2 2279.2 2280.1 2281.1 2282 2283 2283.9 2284.9 2285.8 2286.8 2287.8 2288.7
2218.5 2219.5 2220.5 2221.4 2222.4 2223.3 2224.3 2225.3 2226.2 2227.2 2228.1 2229.1 2230.1 2231 2232 2232.9 2233.9 2234.9 2235.8 2236.8 2237.7 2238.7 2239.7 2240.6 2241.6 2242.6 2243.5 2244.5 2245.4 2246.4 2247.4 2248.3 2249.3 2250.2 2251.2 2252.2 2253.1 2254.1 2255 2256 2257 2257.9 2258.9 2259.8 2260.8 2261.8 2262.7 2263.7 2264.7 2265.6 2266.6 2267.5 2268.5 2269.5 2270.4 2271.4 2272.3 2273.3 2274.3 2275.2 2276.2 2277.1 2278.1 2279.1 2280 2281 2281.9 2282.9 2283.9 2284.8 2285.8 2286.7
2216.2 2217.1 2218.1 2219.1 2220 2221 2222 2222.9 2223.9 2224.9 2225.8 2226.8 2227.8 2228.7 2229.7 2230.7 2231.6 2232.6 2233.6 2234.5 2235.5 2236.5 2237.4 2238.4 2239.4 2240.3 2241.3 2242.3 2243.2 2244.2 2245.2 2246.1 2247.1 2248.1 2249 2250 2251 2251.9 2252.9 2253.9 2254.8 2255.8 2256.8 2257.7 2258.7 2259.7 2260.6 2261.6 2262.6 2263.5 2264.5 2265.5 2266.4 2267.4 2268.4 2269.3 2270.3 2271.3 2272.2 2273.2 2274.2 2275.1 2276.1 2277.1 2278 2279 2280 2280.9 2281.9 2282.9 2283.8 2284.8
2213.8 2214.8 2215.7 2216.7 2217.7 2218.7 2219.6 2220.6 2221.6 2222.5 2223.5 2224.5 2225.5 2226.4 2227.4 2228.4 2229.4 2230.3 2231.3 2232.3 2233.2 2234.2 2235.2 2236.2 2237.1 2238.1 2239.1 2240 2241 2242 2243 2243.9 2244.9 2245.9 2246.9 2247.8 2248.8 2249.8 2250.7 2251.7 2252.7 2253.7 2254.6 2255.6 2256.6 2257.5 2258.5 2259.5 2260.5 2261.4 2262.4 2263.4 2264.4 2265.3 2266.3 2267.3 2268.2 2269.2 2270.2 2271.2 2272.1 2273.1 2274.1 2275 2276 2277 2278 2278.9 2279.9 2280.9 2281.9 2282.8
2211.4 2212.4 2213.4 2214.4 2215.3 2216.3 2217.3 2218.3 2219.3 2220.2 2221.2 2222.2 2223.2 2224.1 2225.1 2226.1 2227.1 2228.1 2229 2230 2231 2232 2232.9 2233.9 2234.9 2235.9 2236.9 2237.8 2238.8 2239.8 2240.8 2241.7 2242.7 2243.7 2244.7 2245.7 2246.6 2247.6 2248.6 2249.6 2250.5 2251.5 2252.5 2253.5 2254.5 2255.4 2256.4 2257.4 2258.4 2259.3 2260.3 2261.3 2262.3 2263.3 2264.2 2265.2 2266.2 2267.2 2268.1 2269.1 2270.1 2271.1 2272.1 2273 2274 2275 2276 2276.9 2277.9 2278.9 2279.9 2280.9
2209.1 2210.1 2211 2212 2213 2214 2215 2216 2216.9 2217.9 2218.9 2219.9 2220.9 2221.9 2222.8 2223.8 2224.8 2225.8 2226.8 2227.8 2228.7 2229.7 2230.7 2231.7 2232.7 2233.7 2234.6 2235.6 2236.6 2237.6 2238.6 2239.6 2240.5 2241.5 2242.5 2243.5 2244.5 2245.5 2246.4 2247.4 2248.4 2249.4 2250.4 2251.4 2252.3 2253.3 2254.3 2255.3 2256.3 2257.3 2258.2 2259.2 2260.2 2261.2 2262.2 2263.2 2264.1 2265.1 2266.1 2267.1 2268.1 2269.1 2270 2271 2272 2273 2274 2275 2275.9 2276.9 2277.9 2278.9
2206.7 2207.7 2208.7 2209.7 2210.7 2211.6 2212.6 2213.6 2214.6 2215.6 2216.6 2217.6 2218.6 2219.6 2220.6 2221.5 2222.5 2223.5 2224.5 2225.5 2226.5 2227.5 2228.5 2229.5 2230.4 2231.4 2232.4 2233.4 2234.4 2235.4 2236.4 2237.4 2238.4 2239.3 2240.3 2241.3 2242.3 2243.3 2244.3 2245.3 2246.3 2247.3 2248.2 2249.2 2250.2 2251.2 2252.2 2253.2 2254.2 2255.2 2256.2 2257.2 2258.1 2259.1 2260.1 2261.1 2262.1 2263.1 2264.1 2265.1 2266.1 2267 2268 2269 2270 2271 2272 2273 2274 2275 2275.9 2276.9
2204.3 2205.3 2206.3 2207.3 2208.3 2209.3 2210.3 2211.3 2212.3 2213.3 2214.3 2215.3 2216.3 2217.3 2218.3 2219.3 2220.3 2221.3 2222.2 2223.2 2224.2 2225.2 2226.2 2227.2 2228.2 2229.2 2230.2 2231.2 2232.2 2233.2 2234.2 2235.2 2236.2 2237.2 2238.2 2239.2 2240.2 2241.1 2242.1 2243.1 2244.1 2245.1 2246.1 2247.1 2248.1 2249.1 2250.1 2251.1 2252.1 2253.1 2254.1 2255.1 2256.1 2257.1 2258.1 2259.1 2260 2261 2262 2263 2264 2265 2266 2267 2268 2269 2270 2271 2272 2273 2274 2275
2202 2203 2204 2205 2206 2207 2208 2209 2210 2211 2212 2213 2214 2215 2216 2217 2218 2219 2220 2221 2222 2223 2224 2225 2226 2227 2228 2229 2230 2231 2232 2233 2234 2235 2236 2237 2238 2239 2240 2241 2242 2243 2244 2245 2246 2247 2248 2249 2250 2251 2252 2253 2254 2255 2256 2257 2258 2259 2260 2261 2262 2263 2264 2265 2266 2267 2268 2269 2270 2271 2272 2273
2199.6 2200.6 2201.6 2202.6 2203.6 2204.6 2205.6 2206.7 2207.7 2208.7 2209.7 2210.7 2211.7 2212.7 2213.7 2214.7 2215.7 2216.7 2217.7 2218.7 2219.7 2220.7 2221.7 2222.7 2223.8 2224.8 2225.8 2226.8 2227.8 2228.8 2229.8 2230.8 2231.8 2232.8 2233.8 2234.8 2235.8 2236.8 2237.8 2238.8 2239.9 2240.9 2241.9 2242.9 2243.9 2244.9 2245.9 2246.9 2247.9 2248.9 2249.9 2250.9 2251.9 2252.9 2253.9 2254.9 2256 2257 2258 2259 2260 2261 2262 2263 2264 2265 2266 2267 2268 2269 2270 2271
2197.2 2198.3 2199.3 2200.3 2201.3 2202.3 2203.3 2204.3 2205.3 2206.3 2207.4 2208.4 2209.4 2210.4 2211.4 2212.4 2213.4 2214.4 2215.5 2216.5 2217.5 2218.5 2219.5 2220.5 2221.5 2222.5 2223.5 2224.6 2225.6 2226.6 2227.6 2228.6 2229.6 2230.6 2231.6 2232.7 2233.7 2234.7 2235.7 2236.7 2237.7 2238.7 2239.7 2240.8 2241.8 2242.8 2243.8 2244.8 2245.8 2246.8 2247.8 2248.8 2249.9 2250.9 2251.9 2252.9 2253.9 2254.9 2255.9 2256.9 2258 2259 2260 2261 2262 2263 2264 2265 2266 2267.1 2268.1 2269.1
2194.9 2195.9 2196.9 2197.9 2198.9 2200 2201 2202 2203 2204 2205.1 2206.1 2207.1 2208.1 2209.1 2210.1 2211.2 2212.2 2213.2 2214.2 2215.2 2216.2 2217.3 2218.3 2219.3 2220.3 2221.3 2222.3 2223.4 2224.4 2225.4 2226.4 2227.4 2228.5 2229.5 2230.5 2231.5 2232.5 2233.5 2234.6 2235.6 2236.6 2237.6 2238.6 2239.6 2240.7 2241.7 2242.7 2243.7 2244.7 2245.8 2246.8 2247.8 2248.8 2249.8 2250.8 2251.9 2252.9 2253.9 2254.9 2255.9 2256.9 2258 2259 2260 2261 2262 2263 2264.1 2265.1 2266.1 2267.1
2192.5 2193.5 2194.6 2195.6 2196.6 2197.6 2198.6 2199.7 2200.7 2201.7 2202.7 2203.8 2204.8 2205.8 2206.8 2207.9 2208.9 2209.9 2210.9 2212 2213 2214 2215 2216 2217.1 2218.1 2219.1 2220.1 2221.2 2222.2 2223.2 2224.2 2225.3 2226.3 2227.3 2228.3 2229.3 2230.4 2231.4 2232.4 2233.4 2234.5 2235.5 2236.5 2237.5 2238.6 2239.6 2240.6 2241.6 2242.6 2243.7 2244.7 2245.7 2246.7 2247.8 2248.8 2249.8 2250.8 2251.9 2252.9 2253.9 2254.9 2255.9 2257 2258 2259 2260 2261.1 2262.1 2263.1 2264.1 2265.2
2190.1 2191.2 2192.2 2193.2 2194.3 2195.3 2196.3 2197.3 2198.4 2199.4 2200.4 2201.5 2202.5 2203.5 2204.5 2205.6 2206.6 2207.6 2208.7 2209.7 2210.7 2211.8 2212.8 2213.8 2214.8 2215.9 2216.9 2217.9 2219 2220 2221 2222 2223.1 2224.1 2225.1 2226.2 2227.2 2228.2 2229.2 2230.3 2231.3 2232.3 2233.4 2234.4 2235.4 2236.4 2237.5 2238.5 2239.5 2240.6 2241.6 2242.6 2243.6 2244.7 2245.7 2246.7 2247.8 2248.8 2249.8 2250.8 2251.9 2252.9 2253.9 2255 2256 2257 2258 2259.1 2260.1 2261.1 2262.2 2263.2
2187.8 2188.8 2189.8 2190.9 2191.9 2193 2194 2195 2196.1 2197.1 2198.1 2199.2 2200.2 2201.2 2202.3 2203.3 2204.3 2205.4 2206.4 2207.4 2208.5 2209.5 2210.5 2211.6 2212.6 2213.6 2214.7 2215.7 2216.7 2217.8 2218.8 2219.8 2220.9 2221.9 2223 2224 2225 2226.1 2227.1 2228.1 2229.2 2230.2 2231.2 2232.3 2233.3 2234.3 2235.4 2236.4 2237.4 2238.5 2239.5 2240.5 2241.6 2242.6 2243.6 2244.7 2245.7 2246.7 2247.8 2248.8 2249.8 2250.9 2251.9 2253 2254 2255 2256.1 2257.1 2258.1 2259.2 2260.2 2261.2
2185.4 2186.5 2187.5 2188.5 2189.6 2190.6 2191.7 2192.7 2193.7 2194.8 2195.8 2196.9 2197.9 2198.9 2200 2201 2202.1 2203.1 2204.1 2205.2 2206.2 2207.3 2208.3 2209.3 2210.4 2211.4 2212.5 2213.5 2214.5 2215.6 2216.6 2217.7 2218.7 2219.7 2220.8 2221.8 2222.9 2223.9 2224.9 2226 2227 2228.1 2229.1 2230.1 2231.2 2232.2 2233.3 2234.3 2235.3 2236.4 2237.4 2238.5 2239.5 2240.5 2241.6 2242.6 2243.7 2244.7 2245.7 2246.8 2247.8 2248.9 2249.9 2250.9 2252 2253 2254.1 2255.1 2256.1 2257.2 2258.2 2259.3
2183 2184.1 2185.1 2186.2 2187.2 2188.3 2189.3 2190.4 2191.4 2192.5 2193.5 2194.6 2195.6 2196.6 2197.7 2198.7 2199.8 2200.8 2201.9 2202.9 2204 2205 2206.1 2207.1 2208.1 2209.2 2210.2 2211.3 2212.3 2213.4 2214.4 2215.5 2216.5 2217.6 2218.6 2219.7 2220.7 2221.7 2222.8 2223.8 2224.9 2225.9 2227 2228 2229.1 2230.1 2231.2 2232.2 2233.2 2234.3 2235.3 2236.4 2237.4 2238.5 2239.5 2240.6 2241.6 2242.7 2243.7 2244.8 2245.8 2246.8 2247.9 2248.9 2250 2251 2252.1 2253.1 2254.2 2255.2 2256.3 2257.3
2180.7 2181.7 2182.8 2183.8 2184.9 2185.9 2187 2188 2189.1 2190.1 2191.2 2192.3 2193.3 2194.4 2195.4 2196.5 2197.5 2198.6 2199.6 2200.7 2201.7 2202.8 2203.8 2204.9 2205.9 2207 2208 2209.1 2210.1 2211.2 2212.2 2213.3 2214.3 2215.4 2216.4 2217.5 2218.5 2219.6 2220.6 2221.7 2222.7 2223.8 2224.8 2225.9 2226.9 2228 2229.1 2230.1 2231.2 2232.2 2233.3 2234.3 2235.4 2236.4 2237.5 2238.5 2239.6 2240.6 2241.7 2242.7 2243.8 2244.8 2245.9 2246.9 2248 2249 2250.1 2251.1 2252.2 2253.2 2254.3 2255.3
2178.3 2179.4 2180.4 2181.5 2182.5 2183.6 2184.7 2185.7 2186.8 2187.8 2188.9 2189.9 2191 2192.1 2193.1 2194.2 2195.2 2196.3 2197.3 2198.4 2199.5 2200.5 2201.6 2202.6 2203.7 2204.7 2205.8 2206.9 2207.9 2209 2210 2211.1 2212.1 2213.2 2214.3 2215.3 2216.4 2217.4 2218.5 2219.5 2220.6 2221.7 2222.7 2223.8 2224.8 2225.9 2226.9 2228 2229.1 2230.1 2231.2 2232.2 2233.3 2234.3 2235.4 2236.5 2237.5 2238.6 2239.6 2240.7 2241.7 2242.8 2243.9 2244.9 2246 2247 2248.1 2249.1 2250.2 2251.3 2252.3 2253.4
2176 2177 2178.1 2179.1 2180.2 2181.3 2182.3 2183.4 2184.5 2185.5 2186.6 2187.6 2188.7 2189.8 2190.8 2191.9 2193 2194 2195.1 2196.1 2197.2 2198.3 2199.3 2200.4 2201.5 2202.5 2203.6 2204.6 2205.7 2206.8 2207.8 2208.9 2210 2211 2212.1 2213.2 2214.2 2215.3 2216.3 2217.4 2218.5 2219.5 2220.6 2221.7 2222.7 2223.8 2224.8 2225.9 2227 2228 2229.1 2230.2 2231.2 2232.3 2233.3 2234.4 2235.5 2236.5 2237.6 2238.7 2239.7 2240.8 2241.8 2242.9 2244 2245 2246.1 2247.2 2248.2 2249.3 2250.4 2251.4
2173.6 2174.7 2175.7 2176.8 2177.9 2178.9 2180 2181.1 2182.1 2183.2 2184.3 2185.3 2186.4 2187.5 2188.5 2189.6 2190.7 2191.8 2192.8 2193.9 2195 2196 2197.1 2198.2 2199.2 2200.3 2201.4 2202.4 2203.5 2204.6 2205.6 2206.7 2207.8 2208.8 2209.9 2211 2212.1 2213.1 2214.2 2215.3 2216.3 2217.4 2218.5 2219.5 2220.6 2221.7 2222.7 2223.8 2224.9 2225.9 2227 2228.1 2229.1 2230.2 2231.3 2232.4 2233.4 2234.5 2235.6 2236.6 2237.7 2238.8 2239.8 2240.9 2242 2243 2244.1 2245.2 2246.2 2247.3 2248.4 2249.5
2171.2 2172.3 2173.4 2174.4 2175.5 2176.6 2177.7 2178.7 2179.8 2180.9 2182 2183 2184.1 2185.2 2186.3 2187.3 2188.4 2189.5 2190.6 2191.6 2192.7 2193.8 2194.9 2195.9 2197 2198.1 2199.2 2200.2 2201.3 2202.4 2203.4 2204.5 2205.6 2206.7 2207.7 2208.8 2209.9 2211 2212 2213.1 2214.2 2215.3 2216.3 2217.4 2218.5 2219.6 2220.6 2221.7 2222.8 2223.9 2224.9 2226 2227.1 2228.2 2229.2 2230.3 2231.4 2232.4 2233.5 2234.6 2235.7 2236.7 2237.8 2238.9 2240 2241 2242.1 2243.2 2244.3 2245.3 2246.4 2247.5
2168.9 2169.9 2171 2172.1 2173.2 2174.3 2175.3 2176.4 2177.5 2178.6 2179.7 2180.7 2181.8 2182.9 2184 2185.1 2186.1 2187.2 2188.3 2189.4 2190.5 2191.5 2192.6 2193.7 2194.8 2195.9 2196.9 2198 2199.1 2200.2 2201.3 2202.3 2203.4 2204.5 2205.6 2206.7 2207.7 2208.8 2209.9 2211 2212 2213.1 2214.2 2215.3 2216.4 2217.4 2218.5 2219.6 2220.7 2221.8 2222.8 2223.9 2225 2226.1 2227.2 2228.2 2229.3 2230.4 2231.5 2232.6 2233.6 2234.7 2235.8 2236.9 2238 2239 2240.1 2241.2 2242.3 2243.4 2244.4 2245.5
2166.5 2167.6 2168.7 2169.7 2170.8 2171.9 2173 2174.1 2175.2 2176.3 2177.3 2178.4 2179.5 2180.6 2181.7 2182.8 2183.9 2184.9 2186 2187.1 2188.2 2189.3 2190.4 2191.5 2192.5 2193.6 2194.7 2195.8 2196.9 2198 2199.1 2200.1 2201.2 2202.3 2203.4 2204.5 2205.6 2206.7 2207.7 2208.8 2209.9 2211 2212.1 2213.2 2214.3 2215.3 2216.4 2217.5 2218.6 2219.7 2220.8 2221.9 2222.9 2224 2225.1 2226.2 2227.3 2228.4 2229.5 2230.5 2231.6 2232.7 2233.8 2234.9 2236 2237 2238.1 2239.2 2240.3 2241.4 2242.5 2243.6
2164.1 2165.2 2166.3 2167.4 2168.5 2169.6 2170.7 2171.8 2172.9 2173.9 2175 2176.1 2177.2 2178.3 2179.4 2180.5 2181.6 2182.7 2183.8 2184.9 2185.9 2187 2188.1 2189.2 2190.3 2191.4 2192.5 2193.6 2194.7 2195.8 2196.9 2198 2199 2200.1 2201.2 2202.3 2203.4 2204.5 2205.6 2206.7 2207.8 2208.9 2210 2211 2212.1 2213.2 2214.3 2215.4 2216.5 2217.6 2218.7 2219.8 2220.9 2222 2223 2224.1 2225.2 2226.3 2227.4 2228.5 2229.6 2230.7 2231.8 2232.9 2234 2235.1 2236.1 2237.2 2238.3 2239.4 2240.5 2241.6
