CA-TP3/CA-TP3_Gini_0.86/dem_same_concave_rough.txt
ncols         400
nrows         400
xllcorner     100000
yllcorner     100000
cellsize      10
NODATA_value  -9999
[rows 286 to 311 of 400, columns 180 to 239 of 400]
1791.9024 1789.9799 1787.7083 1786.0866 1783.9584 1781.8999 1779.9099 1777.9772 1776.3010 1774.4133 1772.1790 1770.6546 1768.3388 1766.5148 1764.7776 1762.4927 1760.4723 1758.6152 1756.9539 1754.6521 1754.9575 1757.0192 1758.6998 1760.5314 1762.7955 1764.7692 1766.5060 1768.3727 1770.4726 1772.5234 1774.5067 1776.0205 1778.3544 1780.0995 1782.2383 1784.2470 1786.1507 1787.6912 1789.9302 1791.9242 1793.9066 1795.8540 1797.8496 1799.7295 1801.4576 1803.6244 1805.4174 1807.1465 1809.3030 1811.1259 1813.2693 1814.9955 1816.8449 1818.8950 1820.9307 1823.0623 1824.9976 1826.5602 1828.7053 1830.4631
1789.4979 1787.9418 1785.6020 1784.0324 1781.6474 1779.7590 1777.8765 1775.9771 1774.1195 1772.1325 1769.9927 1768.1225 1766.1633 1764.4154 1762.3179 1760.4691 1758.6024 1756.4418 1754.4845 1752.8780 1752.5710 1754.4443 1756.7213 1758.2957 1760.3067 1762.4099 1764.1901 1766.2464 1768.3471 1769.9647 1772.0493 1774.1366 1776.0083 1777.8938 1780.0007 1781.7989 1783.8048 1785.7525 1787.6836 1789.7160 1791.7811 1793.5319 1795.6495 1797.4267 1799.5003 1801.2175 1803.0728 1805.2419 1807.3624 1809.0171 1811.0407 1812.8175 1814.8926 1816.7356 1818.9817 1820.8906 1822.6831 1824.4881 1826.4797 1828.4609
1787.4501 1785.4410 1783.7172 1781.6200 1779.6155 1777.9017 1775.6573 1773.9650 1771.8111 1769.9085 1768.1187 1765.9624 1764.0701 1761.9324 1760.0648 1758.1926 1756.3840 1754.1359 1752.1163 1750.5573 1750.2057 1752.3119 1754.3775 1756.3498 1758.0093 1760.1944 1762.0410 1764.2659 1766.1392 1767.9301 1770.0030 1771.9687 1773.7623 1775.6781 1777.8317 1779.4307 1781.7183 1783.5762 1785.4086 1787.3155 1789.3768 1791.4815 1793.3521 1795.2119 1797.2610 1799.1647 1800.9894 1802.9037 1805.1535 1807.1151 1809.1431 1810.7482 1812.6662 1814.7806 1816.9323 1818.7789 1820.6635 1822.5941 1824.8485 1826.7841
1785.2454 1783.5658 1781.6484 1779.4317 1777.5401 1775.3703 1773.7118 1771.8084 1769.7425 1767.9313 1765.9017 1763.8886 1761.8853 1759.8019 1757.8606 1756.1611 1754.1696 1752.1492 1749.9641 1747.9054 1747.9538 1749.8911 1751.9928 1753.8811 1755.9284 1757.8956 1759.7407 1761.9092 1763.6379 1765.8810 1767.7818 1769.7544 1771.6476 1773.3695 1775.3085 1777.6498 1779.2944 1781.4562 1783.5967 1785.2885 1787.3821 1789.4822 1791.0869 1793.3733 1795.0324 1796.9285 1798.9474 1800.9510 1802.7990 1804.7877 1806.7699 1808.7240 1811.0319 1812.5291 1814.7436 1816.9112 1818.4526 1820.4677 1822.7584 1824.5399
1783.3091 1781.4467 1779.0329 1777.2182 1775.3889 1773.1287 1771.5163 1769.3677 1767.2207 1765.6220 1763.6438 1761.6111 1759.7108 1757.4419 1755.5431 1753.9464 1751.8433 1749.7779 1747.6316 1745.7534 1746.0649 1747.8617 1749.6345 1751.6038 1753.5187 1755.8605 1757.8679 1759.5506 1761.5942 1763.5702 1765.5483 1767.5679 1769.6252 1771.5587 1773.5241 1775.2749 1777.1618 1779.0837 1781.1699 1783.0241 1784.9322 1787.2346 1788.8572 1791.1808 1792.9737 1795.0492 1796.7141 1798.8366 1800.6519 1802.8307 1804.7749 1806.8640 1808.4684 1810.6974 1812.5285 1814.7192 1816.7858 1818.4978 1820.6872 1822.2480
1781.2339 1779.2869 1776.9270 1774.9695 1773.3055 1771.2592 1769.1965 1767.4086 1765.4511 1763.2851 1761.5123 1759.4634 1757.3104 1755.4329 1753.2104 1751.6641 1749.3219 1747.3293 1745.6780 1743.5846 1743.4726 1745.5191 1747.6353 1749.2789 1751.5062 1753.5824 1755.2885 1757.3670 1759.2186 1761.1642 1763.4163 1765.3344 1767.0856 1769.1469 1771.3521 1773.1533 1775.2047 1777.0445 1779.0841 1781.1230 1782.8835 1785.0394 1787.1426 1789.0072 1790.7990 1792.9437 1794.9503 1796.9702 1798.8300 1800.7785 1802.7389 1804.4141 1806.8228 1808.3219 1810.4918 1812.4652 1814.6723 1816.5957 1818.3007 1820.5368
1778.9274 1776.9871 1775.1388 1772.9594 1770.8716 1768.9568 1767.2497 1764.8715 1763.2540 1761.0304 1759.3134 1757.0669 1755.1702 1753.0352 1751.3793 1749.4385 1747.3718 1745.3252 1743.2085 1741.2481 1741.4749 1743.5652 1745.0893 1747.2031 1749.3828 1751.4046 1753.2905 1755.2114 1757.1413 1758.8821 1761.0894 1763.0403 1764.9329 1767.2274 1769.1632 1770.8313 1772.8883 1774.7003 1776.6812 1778.7802 1780.8757 1782.5789 1784.6923 1786.5652 1788.4782 1790.4678 1792.8865 1794.4841 1796.5840 1798.4634 1800.3295 1802.6406 1804.7521 1806.2879 1808.3599 1810.3900 1812.5527 1814.2850 1816.1136 1818.4253
1776.6570 1774.6533 1772.8756 1770.8980 1768.5607 1766.5768 1764.9452 1763.0045 1760.7462 1758.8351 1756.9145 1755.1240 1752.7327 1750.9677 1749.0212 1747.0245 1744.8332 1743.2685 1740.8501 1739.1837 1739.2780 1741.0117 1742.8563 1744.9170 1747.0044 1748.7532 1750.8694 1752.7772 1754.8451 1756.6821 1759.0168 1760.6937 1762.8188 1764.6114 1766.9752 1768.8275 1770.8476 1772.7917 1774.8905 1776.7554 1778.5109 1780.5533 1782.6280 1784.6927 1786.8029 1788.4272 1790.3782 1792.7330 1794.4451 1796.5047 1798.6196 1800.2665 1802.2043 1804.4037 1806.2801 1808.5636 1810.3184 1812.3900 1814.4697 1816.2196
1774.5263 1772.6450 1770.5261 1768.3362 1766.4150 1764.5472 1762.7189 1760.6911 1758.8748 1756.7206 1754.5440 1752.6147 1750.5939 1748.6879 1746.8400 1744.9673 1743.0152 1740.6456 1738.9782 1736.6383 1736.8312 1739.0650 1741.0270 1743.0103 1744.5563 1746.6035 1748.4937 1750.9371 1752.8970 1754.5025 1756.5560 1758.8106 1760.4098 1762.6327 1764.8197 1766.4555 1768.5896 1770.7211 1772.3567 1774.4620 1776.4963 1778.5961 1780.6560 1782.4060 1784.4519 1786.3701 1788.1903 1790.6390 1792.2950 1794.5777 1796.4579 1798.1015 1800.2270 1802.0730 1804.4466 1806.2766 1808.2502 1810.4816 1811.9910 1814.2654
1772.2139 1770.2676 1768.4021 1766.1989 1764.1886 1762.5557 1760.6660 1758.3186 1756.5330 1754.2253 1752.4965 1750.2771 1748.6727 1746.6418 1744.4885 1742.7122 1740.6891 1738.3615 1736.7251 1734.8264 1734.4781 1736.7863 1738.7219 1740.7022 1742.3542 1744.4250 1746.5438 1748.6550 1750.5625 1752.7251 1754.2974 1756.3636 1758.4773 1760.4585 1762.5808 1764.2797 1766.6203 1768.2313 1770.3595 1772.3612 1774.2920 1776.2424 1778.5250 1780.1920 1782.1608 1784.5503 1786.2169 1788.1983 1790.3843 1792.2581 1794.3843 1796.4506 1798.2499 1800.2443 1802.3498 1804.2928 1806.3028 1808.3722 1810.2987 1812.3399
1770.2518 1768.1292 1766.3507 1763.9984 1762.4209 1760.0863 1758.0802 1756.3545 1754.4520 1752.0727 1750.2516 1748.5115 1746.0829 1744.2605 1742.3086 1740.1701 1738.4298 1736.5217 1734.4058 1732.1857 1732.4941 1734.3471 1736.3466 1738.3757 1740.4887 1742.1909 1744.5117 1746.1106 1748.2049 1750.3086 1752.2181 1754.2286 1756.0294 1758.1868 1760.3080 1762.3410 1764.0502 1766.2064 1768.1572 1770.1952 1772.3750 1774.0084 1776.1164 1778.1216 1779.9291 1782.3386 1784.1029 1786.3373 1788.0719 1790.1672 1792.1930 1794.2551 1796.2797 1798.0197 1799.9704 1801.8707 1804.0279 1806.1046 1807.9940 1810.2650
1767.8426 1765.9834 1763.8665 1762.2012 1759.8285 1758.0367 1756.0732 1753.9840 1752.1073 1749.8134 1747.8778 1746.2295 1744.1408 1741.9017 1740.0273 1737.9067 1736.1129 1734.1128 1732.1920 1730.0834 1730.3210 1732.0418 1734.1511 1736.1681 1737.8853 1739.9793 1742.1752 1744.0160 1746.2399 1748.0195 1750.1227 1751.9318 1753.9943 1755.9121 1758.1378 1759.8440 1762.1315 1763.9505 1766.1872 1767.9103 1770.1616 1771.9308 1773.8756 1776.2903 1778.2670 1780.0505 1782.1794 1784.1130 1786.1772 1787.9344 1790.2750 1791.9350 1794.2154 1796.0818 1798.0604 1799.8880 1801.8328 1804.2690 1806.1467 1807.7960
1766.0188 1763.9516 1762.0693 1759.8020 1757.6617 1755.9308 1754.0522 1751.6410 1749.8625 1747.7368 1745.6764 1743.6083 1742.0070 1739.9218 1737.9664 1736.0451 1734.0554 1732.0211 1730.0053 1727.7136 1727.5766 1729.9777 1731.9823 1733.6278 1735.6962 1737.7789 1739.8181 1741.6274 1743.9324 1746.0205 1747.7987 1749.7692 1751.7107 1754.0849 1755.7827 1757.8737 1759.7806 1762.0563 1763.8917 1765.6522 1767.8876 1769.8721 1771.6798 1773.7007 1775.8633 1777.9003 1780.0505 1781.8390 1783.9412 1785.6846 1788.1055 1790.0637 1792.0407 1793.9248 1796.1320 1798.1367 1800.0143 1801.9087 1804.1647 1806.0533
1763.9694 1761.8241 1759.7879 1757.6717 1755.6013 1753.4633 1751.9036 1749.6799 1747.9088 1745.6222 1743.5034 1741.7220 1739.7079 1737.8014 1735.6165 1733.6896 1731.7464 1729.7179 1727.4424 1725.5546 1725.6444 1727.7493 1729.6649 1731.6053 1733.5892 1735.7799 1737.4792 1739.4685 1741.5414 1743.4683 1745.5263 1747.4731 1749.5332 1751.5285 1753.6538 1755.6177 1757.9281 1759.5010 1761.6202 1763.8570 1765.4926 1767.8321 1769.8536 1771.5416 1773.5593 1775.6373 1777.9013 1779.6413 1781.9315 1783.9317 1785.9952 1787.9606 1789.8520 1791.7848 1793.9728 1795.8811 1797.9760 1800.0103 1801.6864 1803.7706
1761.5987 1759.7986 1757.5458 1755.6958 1753.2979 1751.4707 1749.3397 1747.5452 1745.5893 1743.2280 1741.5956 1739.3781 1737.4171 1735.1786 1733.2279 1731.5915 1729.1083 1727.3707 1725.2128 1723.3345 1723.2062 1725.3793 1727.2571 1729.2442 1731.4306 1733.2923 1735.6223 1737.5823 1739.6275 1741.6803 1743.6421 1745.6831 1747.4525 1749.5645 1751.3350 1753.3576 1755.7761 1757.6159 1759.3637 1761.3977 1763.5724 1765.7509 1767.3702 1769.7754 1771.4836 1773.7954 1775.4748 1777.6981 1779.7031 1781.6943 1783.9343 1785.7074 1787.5701 1789.8010 1791.7426 1793.7787 1795.9619 1797.6797 1799.6966 1801.9093
1759.2355 1757.4168 1755.1470 1753.3758 1751.2758 1749.3539 1747.1125 1745.2196 1743.0658 1740.9970 1739.0636 1737.0798 1735.2859 1732.9225 1731.3921 1729.1638 1727.1361 1725.2159 1723.3075 1721.1263 1721.1307 1722.9219 1725.1393 1726.9342 1729.3451 1731.1462 1733.3757 1735.2063 1737.4205 1738.9836 1741.2229 1743.0376 1745.0780 1747.2920 1749.2638 1751.1574 1753.2541 1755.1987 1757.4120 1759.2268 1761.2304 1763.4257 1765.5612 1767.5439 1769.2577 1771.6142 1773.2973 1775.7667 1777.4504 1779.6854 1781.6574 1783.4025 1785.7577 1787.9048 1789.7934 1791.9481 1793.7497 1795.9023 1797.7401 1799.6238
1757.0292 1755.3245 1753.1992 1750.9506 1748.9142 1747.0909 1745.3390 1743.2551 1740.9639 1739.1032 1736.8687 1735.1597 1733.0772 1730.7564 1728.7481 1727.1005 1724.8396 1722.8768 1720.7583 1718.6330 1718.8944 1720.6286 1723.0252 1725.0247 1726.6869 1728.6988 1731.0028 1732.9295 1734.8257 1736.8825 1739.2345 1741.0400 1743.2198 1744.9051 1746.9973 1749.1934 1751.1253 1753.2289 1755.2116 1757.3288 1759.1903 1761.2887 1763.0873 1765.5291 1767.5374 1769.3245 1771.1944 1773.5686 1775.4605 1777.5186 1779.3556 1781.6325 1783.4449 1785.5495 1787.8427 1789.3892 1791.5842 1793.4596 1795.7302 1797.8681
1755.0410 1753.2426 1750.8677 1748.7833 1746.9699 1744.8444 1742.8207 1741.1367 1738.9968 1737.0032 1734.9850 1732.8040 1730.8415 1728.5803 1726.7366 1724.5004 1722.5887 1720.8171 1718.3986 1716.4415 1716.3777 1718.3324 1720.6866 1722.4974 1724.4746 1726.7281 1728.8788 1730.7049 1732.7795 1734.5734 1736.9411 1739.0863 1740.9029 1743.1502 1744.9307 1746.9074 1748.9705 1750.9370 1752.8780 1755.0441 1757.2312 1759.0943 1761.3320 1763.0667 1765.3068 1767.4025 1769.1928 1771.3866 1773.1437 1775.4051 1777.2139 1779.3616 1781.6615 1783.3174 1785.6319 1787.7677 1789.6290 1791.5944 1793.5955 1795.8813
1753.1296 1751.0567 1748.7058 1746.9973 1744.7564 1742.8961 1740.7465 1738.9054 1736.7461 1734.4600 1732.7461 1730.5003 1728.4574 1726.3568 1724.4868 1722.5439 1720.3941 1718.1817 1716.2897 1714.1455 1714.2588 1716.5059 1718.2534 1720.3022 1722.6093 1724.4059 1726.5620 1728.3780 1730.7315 1732.3537 1734.4839 1736.4642 1738.5367 1740.9332 1742.5751 1744.6898 1746.6425 1748.8653 1750.6844 1752.7215 1754.7894 1756.7647 1759.1218 1761.2444 1763.3308 1765.1125 1767.0615 1769.4325 1771.2973 1773.3981 1775.4411 1777.5713 1779.3040 1781.2185 1783.4859 1785.5424 1787.5748 1789.5628 1791.5446 1793.8027
1750.6524 1748.5749 1746.5019 1744.4359 1742.8297 1740.4584 1738.6739 1736.2844 1734.2834 1732.3227 1730.4195 1728.3335 1726.3335 1724.3318 1722.4143 1720.2491 1718.0158 1715.8626 1714.1341 1711.9966 1711.9380 1714.1922 1716.0977 1718.0180 1720.3701 1722.0150 1724.3733 1726.3715 1728.5137 1730.3266 1732.4595 1734.5555 1736.5165 1738.7274 1740.5720 1742.8645 1744.7254 1746.7708 1748.9446 1750.7155 1752.6592 1754.9708 1756.8633 1758.7547 1760.9747 1762.9690 1765.0045 1766.9074 1769.2776 1771.2051 1773.3559 1775.1383 1777.1859 1779.5655 1781.5301 1783.2803 1785.6157 1787.6893 1789.4022 1791.5670
1748.7495 1746.4009 1744.3301 1742.6123 1740.2394 1738.2438 1736.3645 1734.5123 1732.2424 1730.3047 1727.9716 1726.2042 1724.1639 1721.9353 1719.9155 1717.8949 1715.7858 1713.8297 1711.9520 1709.9735 1709.9156 1711.9266 1713.7146 1715.9897 1718.1189 1720.0871 1722.0683 1724.1717 1726.1156 1727.9255 1730.4169 1732.0107 1734.5197 1736.1025 1738.4794 1740.5992 1742.2433 1744.3622 1746.4418 1748.5407 1750.7255 1752.5377 1754.7331 1756.9027 1758.6123 1760.7682 1762.6784 1765.0762 1767.2557 1769.0607 1771.2474 1773.1426 1775.1458 1777.4609 1779.1772 1781.4471 1783.3317 1785.1990 1787.2848 1789.3701
1746.5789 1744.6163 1742.1233 1740.2686 1738.3143 1735.9804 1734.2679 1732.2465 1730.2555 1727.7951 1726.1788 1723.9106 1721.9529 1719.7814 1717.7771 1715.5724 1713.8788 1711.6629 1709.3322 1707.5583 1707.5448 1709.7431 1711.7117 1713.6480 1715.7109 1717.5253 1719.7871 1722.0991 1723.9437 1725.8803 1727.9270 1730.2990 1732.1179 1733.9591 1736.2135 1738.1173 1740.2823 1742.3505 1744.6258 1746.6404 1748.6011 1750.7210 1752.7262 1754.5341 1756.7155 1758.7132 1760.7124 1762.8763 1764.9409 1767.0216 1769.1009 1770.9621 1772.8894 1775.2675 1777.1197 1779.3104 1781.0515 1783.3394 1785.5430 1787.2544
1744.3835 1742.1702 1740.0562 1738.1940 1736.2359 1733.8651 1732.1490 1729.8905 1727.7734 1725.9215 1723.5150 1721.6641 1719.8711 1717.6580 1715.5146 1713.5482 1711.3170 1709.3285 1707.0836 1705.4199 1705.3678 1707.3730 1709.5320 1711.5801 1713.2849 1715.3705 1717.6917 1719.7409 1721.4539 1723.8307 1725.7282 1727.6862 1729.6768 1732.1630 1733.8255 1735.9943 1738.3657 1740.1263 1742.2082 1744.1813 1746.4507 1748.1830 1750.6527 1752.6410 1754.6158 1756.8632 1758.7447 1760.8615 1762.8009 1764.7583 1767.0352 1768.9222 1771.1703 1772.9764 1774.9298 1777.1808 1779.1430 1781.1960 1783.2001 1785.2490
1742.2187 1739.9772 1737.8321 1735.9576 1733.9513 1731.7554 1729.6247 1727.6421 1725.8148 1723.7327 1721.3734 1719.4224 1717.2902 1715.5484 1713.4263 1711.0361 1709.1679 1707.2114 1705.0473 1702.8309 1702.9880 1704.8974 1707.2198 1709.3416 1711.1511 1713.2922 1715.4585 1717.3596 1719.6739 1721.5619 1723.5162 1725.8112 1727.8345 1729.9916 1731.9122 1733.6517 1735.9205 1738.1777 1740.0514 1742.1794 1743.9820 1746.4785 1748.0779 1750.1355 1752.2206 1754.2499 1756.7360 1758.7216 1760.6689 1762.8313 1764.8519 1766.7475 1768.6953 1770.7979 1772.7822 1774.8401 1777.3199 1778.9670 1781.0780 1783.0951
1740.0583 1737.9069 1735.9717 1733.7946 1731.4782 1729.6580 1727.8127 1725.3855 1723.3692 1721.1972 1719.2398 1717.1521 1715.0354 1712.9915 1711.2913 1708.7631 1707.0180 1704.9165 1702.6161 1700.7032 1700.6840 1703.0204 1704.9374 1706.8847 1709.2073 1711.2416 1712.9539 1715.2054 1717.2952 1719.5607 1721.1642 1723.6774 1725.7004 1727.7925 1729.8762 1731.6349 1733.7825 1735.7714 1738.1050 1740.1012 1742.0871 1743.8743 1746.0998 1748.4632 1750.3671 1752.1408 1754.2279 1756.6885 1758.5288 1760.7649 1762.7117 1764.7776 1766.6351 1769.0859 1770.8456 1772.8180 1775.2604 1776.9918 1779.1019 1781.1651
1737.6510 1735.9400 1733.6116 1731.6470 1729.4487 1727.2735 1725.2930 1723.3107 1721.3054 1719.3462 1717.2150 1714.8261 1712.8875 1711.0942 1708.6583 1706.6902 1704.6476 1702.6737 1700.6606 1698.3714 1698.2939 1700.6616 1702.5831 1704.4771 1706.8078 1708.6304 1710.6665 1712.9188 1714.9566 1717.2623 1719.4000 1721.2233 1723.1860 1725.3187 1727.3969 1729.4511 1731.5311 1733.9004 1735.5982 1737.5918 1739.6854 1741.7256 1743.8517 1745.9220 1748.3448 1750.4675 1752.1361 1754.2108 1756.3399 1758.4900 1760.7788 1762.7622 1764.5676 1766.6066 1768.9843 1771.0337 1772.9646 1775.3006 1777.0186 1779.3759
