Dimension Analysis/Wide/CA-TP3_Gini_0.90/dem_fat.txt
ncols         500
nrows         320
xllcorner     100000
yllcorner     100000
cellsize      10
NODATA_value  -9999
[rows 260 to 285 of 320, columns 120 to 179 of 500]
1931.2166 1928.5942 1926.3298 1924.1663 1921.7783 1919.6634 1917.0879 1915.0319 1912.5419 1910.1896 1908.0703 1905.4770 1903.0750 1901.0450 1898.7192 1896.4780 1894.1281 1891.7696 1889.4927 1887.1397 1884.7677 1882.5911 1880.4631 1878.0998 1875.8371 1873.2097 1870.9964 1868.4774 1866.2285 1864.0759 1861.9001 1859.5612 1856.9743 1854.9275 1852.5421 1850.3972 1848.0884 1845.8004 1843.1420 1840.8958 1838.7903 1836.2616 1834.1820 1831.4791 1829.1769 1827.2088 1824.8647 1822.5240 1820.3725 1817.9498 1815.5665 1813.3242 1810.7692 1808.5678 1806.5164 1804.1683 1801.7460 1799.1049 1797.0325 1794.5346
1929.2042 1926.8188 1924.8469 1922.4423 1920.1491 1917.8709 1915.1617 1913.0168 1910.9577 1908.4208 1906.1713 1903.5957 1901.6819 1899.3923 1896.6199 1894.5872 1892.3257 1890.0688 1887.5036 1885.2216 1883.1891 1880.4970 1878.4867 1875.9593 1873.7631 1871.1746 1868.9710 1866.7745 1864.1981 1862.1205 1859.6337 1857.7053 1855.0812 1852.9618 1850.5869 1848.1764 1846.1199 1843.4167 1841.3938 1838.9466 1836.9082 1834.3205 1831.9070 1829.8281 1827.3476 1825.2871 1822.6837 1820.6140 1818.2674 1815.9755 1813.3378 1811.3935 1809.1188 1806.6295 1804.2305 1801.8309 1799.6077 1797.3045 1795.1307 1792.5290
1927.4040 1924.8702 1922.5405 1920.4714 1918.0034 1916.0461 1913.6385 1910.9613 1908.6950 1906.3055 1904.0737 1901.7288 1899.3853 1897.3569 1894.9894 1892.5844 1890.4944 1887.9779 1885.7658 1883.6151 1881.0122 1878.9274 1876.3907 1874.1233 1871.6551 1869.2262 1867.0799 1865.0537 1862.5940 1860.2787 1857.7621 1855.4673 1853.1424 1851.0607 1848.5588 1846.3686 1843.7685 1841.4642 1839.3767 1837.0513 1834.9286 1832.5571 1829.9269 1827.9085 1825.5946 1822.9151 1820.6136 1818.4398 1816.1444 1813.8756 1811.7494 1809.0535 1807.1442 1804.6597 1802.1862 1799.8807 1797.5083 1795.5576 1793.0288 1790.8685
1925.3668 1923.4914 1920.9806 1918.7629 1916.0611 1914.1192 1911.7342 1909.3697 1906.7760 1904.5701 1902.4141 1899.9049 1897.5964 1895.3442 1893.2530 1890.9617 1888.3899 1886.1144 1883.9932 1881.2789 1879.2241 1877.0806 1874.6970 1872.4024 1869.9421 1867.6954 1865.3371 1863.0007 1860.4806 1858.5009 1855.9222 1853.5695 1851.5380 1849.2352 1846.6595 1844.5341 1842.2121 1839.5203 1837.2739 1835.0635 1832.7531 1830.2022 1828.0112 1825.9785 1823.5378 1820.9262 1818.9397 1816.3577 1814.1492 1812.0635 1809.4365 1807.2362 1804.9443 1802.6476 1800.1250 1798.0002 1795.6766 1793.1246 1791.1702 1788.8705
1923.9773 1921.2214 1919.1165 1916.8559 1914.2717 1912.0929 1909.8002 1907.4584 1905.2886 1902.9773 1900.6406 1898.1176 1896.0215 1893.5466 1891.4517 1888.8952 1886.5126 1884.2724 1882.0980 1879.5224 1877.2307 1874.8698 1872.5104 1870.1563 1867.8437 1865.4280 1863.5869 1861.2317 1858.6819 1856.3812 1854.1964 1851.7345 1849.4369 1846.9952 1844.9560 1842.3188 1840.3163 1837.6873 1835.5988 1833.0063 1830.7874 1828.6414 1826.2557 1823.7386 1821.5876 1819.2579 1816.7083 1814.4968 1812.0521 1809.6436 1807.4423 1805.1779 1803.0870 1800.3611 1798.2679 1796.0460 1793.6617 1791.4877 1788.9979 1786.5030
1921.7465 1919.3750 1917.4304 1914.9213 1912.7045 1910.2498 1907.8035 1905.7185 1903.3866 1900.8804 1898.7626 1896.1220 1894.0820 1891.5484 1889.6032 1886.9330 1884.5005 1882.2231 1879.8915 1877.7210 1875.3339 1873.0546 1870.7860 1868.5564 1865.8733 1863.6458 1861.5730 1859.1521 1856.8687 1854.4610 1852.1210 1849.9110 1847.5658 1845.1917 1842.6002 1840.4737 1838.2197 1835.7382 1833.4807 1831.0938 1828.6325 1826.7181 1824.2689 1821.9653 1819.4448 1817.2005 1815.1151 1812.7042 1809.9952 1808.1296 1805.3292 1803.0241 1801.1248 1798.6035 1796.2621 1793.8557 1791.5938 1789.2398 1786.8125 1784.4883
1919.9970 1917.9539 1915.3597 1913.1903 1910.8039 1908.6744 1906.3409 1903.6907 1901.2739 1899.1698 1896.9125 1894.5257 1892.2712 1889.7975 1887.2897 1884.9911 1882.7053 1880.3370 1878.3714 1875.6433 1873.6503 1871.1352 1868.9530 1866.4944 1864.0570 1861.8001 1859.6762 1857.0908 1854.7362 1852.4028 1850.2426 1847.7205 1845.7147 1843.3464 1840.9959 1838.7441 1836.3516 1833.9074 1831.6296 1829.3449 1826.7023 1824.4312 1822.1919 1820.0232 1817.5328 1815.1147 1812.8936 1810.4659 1808.4171 1805.8292 1803.5506 1801.2355 1799.0421 1796.3602 1794.3550 1791.9831 1789.5868 1787.3734 1785.0862 1782.7190
1918.3136 1916.1592 1913.6412 1911.2910 1909.1099 1906.7076 1904.2515 1901.9454 1899.4225 1897.0814 1894.7488 1892.7172 1890.0681 1887.9973 1885.4005 1883.3178 1880.9917 1878.5588 1876.0773 1873.9068 1871.8036 1869.5123 1867.1387 1864.3736 1862.3512 1859.8945 1857.7058 1855.3929 1853.0249 1850.3987 1848.3371 1846.0540 1843.7085 1841.5043 1839.1873 1836.4409 1834.4900 1831.9245 1829.7767 1827.2777 1825.1506 1822.5440 1820.4089 1817.9823 1815.4633 1813.4960 1810.9204 1808.7736 1806.4660 1803.8273 1801.6333 1799.0457 1796.9868 1794.7553 1792.4997 1789.9568 1787.3738 1785.2300 1782.8469 1780.3904
1916.4311 1914.2444 1911.8133 1909.3955 1907.3373 1905.0105 1902.2860 1899.9595 1897.9394 1895.4055 1892.8577 1890.9842 1888.3319 1886.3024 1883.8170 1881.4862 1879.3208 1876.8604 1874.6143 1871.8219 1869.9066 1867.6115 1865.1964 1862.6974 1860.5129 1858.1285 1855.9320 1853.1390 1850.9795 1848.7614 1846.4138 1844.1274 1841.5099 1839.2130 1836.9683 1834.4558 1832.3793 1829.7832 1827.4573 1825.1080 1822.7544 1820.8449 1818.4083 1816.0101 1813.5184 1811.2268 1808.9715 1806.8554 1804.0566 1801.7631 1799.7216 1797.3758 1795.0474 1792.7355 1790.0845 1787.7571 1785.6008 1783.2194 1780.7842 1778.5187
1914.7005 1912.1623 1910.2138 1907.5005 1905.3152 1902.9523 1900.7166 1898.1617 1895.8616 1893.8003 1891.2033 1888.6768 1886.5338 1884.1735 1881.7442 1879.3881 1877.4140 1874.8472 1872.7536 1870.1559 1867.8857 1865.7075 1863.2724 1860.8020 1858.3242 1855.9208 1853.8682 1851.6520 1849.2518 1846.9727 1844.6508 1841.9410 1839.9481 1837.2100 1835.1812 1832.7471 1830.5144 1827.9097 1825.7655 1823.4852 1821.2541 1818.7219 1816.1675 1814.0704 1811.7956 1809.4486 1806.9205 1804.6492 1802.3001 1800.0978 1797.4144 1795.3201 1793.0440 1790.7302 1788.1967 1785.8548 1783.6895 1781.1648 1779.0675 1776.4369
1913.0779 1910.3459 1908.0934 1905.8840 1903.2518 1901.0454 1898.7915 1896.4477 1894.0485 1891.8275 1889.5042 1887.2541 1884.7539 1882.2847 1879.8844 1877.5366 1875.4179 1873.2236 1870.5744 1868.4639 1865.7032 1863.3918 1861.2271 1858.9505 1856.4828 1854.3116 1852.0832 1849.3249 1847.4413 1844.8820 1842.6186 1840.1023 1837.7977 1835.3367 1833.0474 1830.8032 1828.3029 1826.3024 1823.5280 1821.5631 1819.1250 1816.8540 1814.4678 1811.9480 1809.4474 1807.2992 1805.2117 1802.8616 1800.5429 1797.9348 1795.6364 1793.3598 1790.9133 1788.7215 1786.1508 1783.9115 1781.7067 1779.1959 1776.8259 1774.6048
1911.1747 1908.6488 1906.2575 1904.1279 1901.4008 1899.3315 1896.7812 1894.7775 1892.0639 1890.0599 1887.4141 1885.2702 1882.7397 1880.3998 1878.3163 1875.5761 1873.6011 1871.2806 1868.6142 1866.3812 1864.0694 1861.6034 1859.1911 1856.9944 1854.4384 1852.4649 1849.9072 1847.7677 1845.2452 1842.9239 1840.6957 1838.2450 1835.9484 1833.5172 1831.0734 1828.9354 1826.3756 1824.0971 1821.6428 1819.2376 1817.2752 1814.8058 1812.2703 1810.0357 1807.9230 1805.1819 1802.9506 1800.6985 1798.5760 1795.9291 1793.6874 1791.5279 1788.8520 1786.5608 1784.1849 1781.7139 1779.6042 1777.1800 1775.0826 1772.3721
1908.9472 1906.6949 1904.2878 1902.3685 1899.7290 1897.2888 1895.2372 1892.6977 1890.1844 1888.2700 1885.8346 1883.5463 1881.1267 1878.8161 1876.4532 1874.0814 1871.5695 1869.2977 1866.9091 1864.4009 1862.1172 1860.0571 1857.2958 1854.8968 1852.8721 1850.4657 1848.3120 1845.6691 1843.4754 1841.2129 1838.8873 1836.2179 1834.0668 1831.4216 1829.4783 1826.7382 1824.4831 1822.0514 1819.7769 1817.2791 1815.1809 1812.8059 1810.4521 1808.1524 1805.7953 1803.6435 1801.0635 1798.5381 1796.4349 1793.8266 1791.7094 1789.2588 1786.9675 1784.7482 1782.2654 1779.6914 1777.6328 1775.3076 1772.6630 1770.7223
1907.2513 1904.8523 1902.5051 1900.1945 1897.7341 1895.7872 1893.4635 1891.0435 1888.6977 1886.1705 1883.8037 1881.7027 1879.3698 1876.7641 1874.1833 1872.2747 1869.8296 1867.2965 1864.8903 1862.4210 1860.3004 1857.8658 1855.5365 1853.0221 1850.7240 1848.7377 1846.3764 1843.6091 1841.3724 1839.0224 1836.9619 1834.1859 1832.1823 1829.6093 1827.3238 1824.8413 1822.6624 1820.4841 1817.6803 1815.7378 1813.0202 1810.7630 1808.4875 1806.1118 1803.6079 1801.5447 1798.9553 1796.4978 1794.1287 1792.2256 1789.5909 1787.3314 1784.9365 1782.3561 1780.4142 1777.7614 1775.5593 1773.3924 1770.8838 1768.4851
1905.7699 1903.1872 1900.9375 1898.6327 1896.1680 1893.7228 1891.4411 1888.9904 1886.7109 1884.3143 1882.0327 1879.6436 1877.2127 1874.9114 1872.3745 1870.1089 1867.7745 1865.2708 1863.2723 1860.6094 1858.3788 1855.8549 1853.7097 1851.2854 1848.8344 1846.7230 1844.2028 1841.7453 1839.3933 1837.1253 1834.8219 1832.4069 1830.2836 1827.9219 1825.6166 1822.8055 1820.5929 1818.1204 1816.0542 1813.6617 1811.1786 1809.0108 1806.5605 1804.3923 1802.0143 1799.6179 1796.9266 1794.8653 1792.1558 1790.1922 1787.8048 1785.0991 1782.7287 1780.5376 1778.2822 1776.1009 1773.5713 1771.0599 1769.0427 1766.4503
1903.6907 1901.2471 1899.1258 1896.6689 1894.3724 1891.9970 1889.5274 1887.3469 1884.7915 1882.2309 1880.3409 1877.6745 1875.3397 1872.8263 1870.4297 1868.2808 1866.0459 1863.6596 1861.3286 1858.9268 1856.5525 1854.1384 1851.9521 1849.3267 1847.2552 1844.5645 1842.5603 1840.0966 1837.4828 1835.0141 1833.0761 1830.7240 1828.1744 1825.7249 1823.4520 1821.0439 1818.6006 1816.5135 1814.1785 1811.4166 1809.5195 1806.7760 1804.3340 1802.3891 1799.9053 1797.6080 1795.1167 1792.6491 1790.5257 1787.8987 1785.9167 1783.2002 1780.8079 1778.6046 1776.2218 1773.7395 1771.4647 1769.3612 1766.8144 1764.1863
1901.8679 1899.4626 1897.3465 1894.9902 1892.5801 1890.0705 1887.4803 1885.1464 1883.0727 1880.5060 1878.1119 1875.6702 1873.3534 1871.3816 1868.7203 1866.2892 1864.0588 1861.7732 1859.5848 1856.8902 1854.5559 1852.1947 1849.9661 1847.3578 1844.9662 1843.0275 1840.6149 1838.0654 1835.7576 1833.2268 1831.2194 1828.3707 1826.4371 1824.0657 1821.3016 1819.3231 1816.6118 1814.4259 1812.2626 1809.4511 1807.2536 1805.1011 1802.8231 1800.1402 1798.0798 1795.2729 1793.3765 1790.6734 1788.6147 1785.9743 1783.4647 1781.5658 1778.8517 1776.5602 1774.1925 1772.0188 1769.5408 1767.0283 1764.7507 1762.4580
1900.0252 1897.8195 1895.1705 1893.0695 1890.6750 1888.0397 1885.9958 1883.4326 1881.0520 1878.6987 1876.4620 1874.0426 1871.8449 1869.5428 1866.7978 1864.7504 1862.2251 1860.0250 1857.3632 1855.3380 1852.5962 1850.1716 1847.8302 1845.7361 1843.2411 1841.0808 1838.6737 1835.9352 1833.9731 1831.4659 1828.8833 1826.4495 1824.2340 1822.1072 1819.6574 1817.0711 1814.8668 1812.6710 1810.1979 1807.5554 1805.2932 1802.9598 1800.6261 1798.1729 1795.8138 1793.6620 1791.3446 1788.5571 1786.3136 1783.8504 1781.6485 1779.3539 1776.8623 1774.5663 1772.1254 1769.8129 1767.3610 1765.0817 1762.5470 1760.5792
1898.2954 1895.8160 1893.6590 1890.9098 1888.8989 1886.1840 1884.2008 1881.5217 1879.1977 1877.0654 1874.5502 1872.3717 1869.9919 1867.5158 1864.9040 1862.7366 1860.4255 1858.1125 1855.5415 1853.2110 1850.6986 1848.5186 1846.2353 1843.8556 1841.1565 1839.1773 1836.5248 1834.3146 1831.7739 1829.6515 1827.0049 1824.8572 1822.5821 1820.0121 1817.7730 1815.2212 1812.9909 1810.5170 1808.1550 1805.5700 1803.4426 1801.1372 1798.5803 1796.4480 1793.9264 1791.5469 1789.1335 1786.8826 1784.4006 1782.2263 1779.6105 1777.2221 1774.9909 1772.8494 1770.1222 1767.9627 1765.5730 1763.0124 1760.5488 1758.2673
1896.5205 1893.8783 1891.5011 1889.3520 1886.7169 1884.3606 1881.9827 1880.0379 1877.2727 1875.1695 1872.8018 1870.2594 1868.0640 1865.4848 1863.4064 1860.9100 1858.4484 1856.2129 1853.6508 1851.3640 1848.8766 1846.5191 1844.0474 1841.7376 1839.5646 1836.8524 1834.5877 1832.4904 1829.8184 1827.4808 1825.0631 1823.0069 1820.5281 1818.0486 1815.7038 1813.4182 1810.8796 1808.8212 1806.2568 1804.0085 1801.4025 1798.8812 1796.7863 1794.3652 1792.0368 1789.8362 1787.3793 1784.9086 1782.4878 1780.0604 1777.6882 1775.2385 1772.8051 1770.5223 1768.2393 1765.8814 1763.5200 1761.2475 1758.4943 1756.3289
1894.8157 1892.2286 1890.0441 1887.4825 1885.1571 1882.5700 1880.1812 1878.0605 1875.6055 1873.4703 1871.0857 1868.6450 1866.1551 1863.6771 1861.5065 1858.9669 1856.5392 1854.2820 1851.9418 1849.4858 1847.1735 1844.8191 1842.5152 1840.0710 1837.6458 1835.2232 1832.9398 1830.2986 1827.9206 1825.8775 1823.3651 1820.8477 1818.5173 1816.3328 1813.8753 1811.3700 1808.7949 1806.8609 1804.4158 1801.9107 1799.6359 1797.3057 1794.9180 1792.5674 1790.1790 1787.4072 1785.3055 1783.1115 1780.5807 1778.0421 1775.9289 1773.4274 1771.1459 1768.5061 1766.0081 1763.8952 1761.5610 1758.8481 1756.8038 1754.5476
1892.6843 1890.2590 1888.0782 1885.4791 1883.1606 1881.0992 1878.6883 1876.3126 1873.7619 1871.4696 1869.2348 1866.3985 1864.0051 1861.9338 1859.6193 1857.3037 1854.4661 1852.2797 1850.0178 1847.3548 1845.1905 1842.6229 1840.3371 1838.0846 1835.7466 1833.3692 1831.0379 1828.6863 1826.0076 1823.8250 1821.2737 1819.0081 1816.6086 1814.1765 1811.9957 1809.2933 1807.2818 1804.5721 1802.5221 1800.0474 1797.7025 1794.9690 1792.9074 1790.2136 1788.0491 1785.7156 1783.1598 1780.7173 1778.6620 1776.1163 1773.9131 1771.3188 1768.7793 1766.7555 1764.2289 1762.0410 1759.4766 1756.9738 1754.5693 1752.1563
1890.9273 1888.7213 1885.9698 1883.8899 1881.4093 1878.9733 1876.8428 1874.2288 1872.0987 1869.6177 1867.3780 1864.9191 1862.4578 1860.0850 1857.3612 1855.2363 1852.6795 1850.6338 1848.1703 1845.5553 1843.1372 1840.9080 1838.7315 1835.9699 1833.7588 1831.2991 1828.7929 1826.7204 1824.1338 1821.9277 1819.2605 1817.2922 1814.7707 1812.4615 1809.7875 1807.5269 1805.1873 1802.9346 1800.6116 1798.0298 1795.5431 1793.1102 1790.9581 1788.5423 1785.9910 1783.8329 1781.2359 1778.8245 1776.4683 1774.2360 1771.5968 1769.3940 1766.9002 1764.4826 1762.2086 1759.8782 1757.2057 1755.3080 1752.8453 1750.5068
1889.0642 1886.9060 1884.1716 1881.9135 1879.5340 1877.1362 1874.7722 1872.2237 1870.0987 1867.6414 1865.3436 1863.0196 1860.3537 1858.1626 1855.6019 1853.1799 1850.7485 1848.4033 1846.0762 1843.7245 1841.4611 1838.8940 1836.6719 1834.1192 1831.6995 1829.6724 1827.0451 1824.5052 1822.0577 1819.7809 1817.6393 1815.1573 1812.7647 1810.5226 1807.9428 1805.7265 1803.2000 1800.6860 1798.4690 1795.8204 1793.6481 1791.4688 1789.0226 1786.2347 1783.8628 1781.7722 1779.5637 1777.1335 1774.7446 1772.1899 1769.7610 1767.2825 1764.7774 1762.4353 1760.0578 1757.7128 1755.3897 1753.0471 1750.5161 1748.2011
1887.1476 1885.0475 1882.6758 1880.3953 1877.8096 1875.2717 1872.9125 1870.6892 1868.3962 1866.0291 1863.5650 1860.9205 1858.6849 1856.1196 1853.6302 1851.5547 1849.0913 1846.5203 1844.1484 1841.6720 1839.4110 1837.3611 1834.6953 1832.5866 1829.7623 1827.6708 1824.9551 1822.6501 1820.4671 1818.2235 1815.3743 1812.9827 1810.9280 1808.5945 1806.2101 1803.8817 1801.1522 1798.9303 1796.7167 1793.8820 1791.7671 1789.3285 1786.9992 1784.6153 1782.3233 1779.6114 1777.2321 1775.1202 1772.4447 1770.3603 1767.8763 1765.5927 1762.9659 1760.4104 1758.4562 1755.7590 1753.5393 1750.9745 1748.6857 1746.0173
1885.7375 1883.2184 1880.8564 1878.2738 1876.0323 1873.7687 1871.0395 1868.5177 1866.2293 1863.7461 1861.6362 1859.3663 1856.8986 1854.4035 1851.7548 1849.4719 1847.2231 1844.9661 1842.3957 1840.0848 1837.7140 1835.2733 1832.8512 1830.6499 1828.0251 1825.6484 1823.2022 1820.9011 1818.3714 1815.8851 1813.4592 1811.4108 1809.0133 1806.3249 1803.9749 1801.5710 1799.2404 1796.9617 1794.2816 1792.1930 1789.6781 1787.3447 1785.0841 1782.4568 1779.9243 1777.6558 1775.2849 1773.0502 1770.8227 1768.0972 1765.9416 1763.5159 1761.0706 1758.7278 1756.3550 1754.0314 1751.6456 1748.8398 1746.4637 1744.4573
