Dimension Analysis/Wide/CA-TP3_Gini_0.90/dem_fat.txt
ncols         500
nrows         320
xllcorner     100000
yllcorner     100000
cellsize      10
NODATA_value  -9999
[rows 130 to 155 of 320, columns 0 to 59 of 500]
2393.0595 2391.2238 2388.9708 2387.0908 2385.5952 2383.6173 2381.6935 2379.7603 2378.0050 2376.1254 2374.3394 2372.2468 2370.4216 2368.4302 2366.6978 2364.9293 2363.0729 2361.2112 2359.2350 2357.4862 2355.4165 2353.6580 2351.4695 2349.7833 2347.9266 2345.7561 2343.9450 2342.4980 2340.1567 2338.4317 2336.4561 2334.8609 2333.1174 2331.1598 2328.9486 2327.0958 2325.5831 2323.5956 2321.7311 2319.9429 2317.7761 2315.9718 2313.9345 2312.1725 2310.2590 2308.4269 2306.6399 2304.8846 2302.9122 2300.9116 2299.1219 2297.4294 2295.1410 2293.3233 2291.7966 2289.9448 2288.1085 2285.8992 2284.1408 2282.4528
2391.4198 2389.4792 2387.7124 2385.7197 2384.1005 2382.2632 2380.2200 2378.1030 2376.2763 2374.7190 2372.5209 2370.9173 2368.9224 2366.8470 2364.9341 2363.1249 2361.6495 2359.3954 2357.6012 2355.7270 2354.0173 2352.0472 2350.0275 2348.4317 2346.5583 2344.3272 2342.8046 2340.8517 2338.9807 2336.8877 2335.3182 2333.4327 2331.3937 2329.6358 2327.5092 2325.5695 2323.9559 2321.7299 2320.0260 2318.2550 2316.3491 2314.2743 2312.4081 2310.9222 2309.0211 2306.8633 2304.8600 2303.2955 2301.4167 2299.5636 2297.6803 2295.7340 2293.6075 2292.1091 2289.8928 2287.9115 2286.3503 2284.4820 2282.5828 2280.7316
2390.0066 2388.0062 2386.4100 2384.6283 2382.6865 2380.6280 2378.8889 2377.0585 2374.9131 2372.9336 2371.4004 2369.4272 2367.4625 2365.7157 2363.6305 2361.9532 2359.7692 2357.9036 2356.4002 2354.2781 2352.4633 2350.5816 2348.7830 2346.7505 2345.0668 2343.1139 2341.2144 2339.2439 2337.3154 2335.3760 2333.6597 2331.4782 2329.7255 2327.9258 2326.2151 2323.9341 2322.1312 2320.5249 2318.5932 2316.5967 2314.6076 2312.8076 2311.2155 2308.9436 2307.3710 2305.3080 2303.5116 2301.8360 2299.9463 2297.8733 2296.1702 2294.1167 2292.1135 2290.1253 2288.3970 2286.6343 2284.6949 2282.6811 2280.9430 2279.2073
2388.6691 2386.6624 2385.0341 2382.9707 2381.1011 2378.9865 2377.5297 2375.4197 2373.7515 2371.6146 2369.7254 2367.8847 2366.1611 2364.1911 2361.9954 2360.4949 2358.4300 2356.4432 2354.5374 2352.7468 2350.7533 2349.1634 2346.9278 2345.3677 2343.4442 2341.3831 2339.7563 2337.7295 2336.0193 2334.0594 2331.8425 2330.1763 2328.1819 2326.6307 2324.6186 2322.4496 2320.5460 2318.6314 2317.1997 2314.9375 2313.1834 2311.5215 2309.4449 2307.3962 2305.9246 2303.5574 2301.6837 2299.9916 2298.2186 2296.0883 2294.5869 2292.6896 2290.8103 2288.8121 2286.7739 2285.0394 2283.1679 2280.9673 2279.3525 2277.5956
2387.1285 2385.2130 2383.4385 2381.3080 2379.6142 2377.7835 2375.6404 2374.0031 2371.8718 2370.1535 2368.5595 2366.3732 2364.6016 2362.8516 2360.6176 2358.7819 2357.1955 2354.9561 2353.0252 2351.1863 2349.6612 2347.5904 2345.6716 2343.9170 2342.0104 2339.7679 2338.2419 2336.3556 2334.1400 2332.2762 2330.4457 2328.8099 2327.0012 2325.1032 2323.0627 2320.9326 2319.1426 2317.2817 2315.2965 2313.3885 2311.8895 2309.7697 2307.8845 2306.0167 2303.9109 2302.4144 2300.2946 2298.1945 2296.3361 2294.5440 2292.7765 2290.8707 2289.1327 2287.3581 2285.3030 2283.3419 2281.4895 2279.3112 2277.8462 2275.5349
2385.8288 2383.7468 2381.9823 2379.9611 2378.3581 2376.2925 2374.3142 2372.3158 2370.5110 2368.5285 2366.7990 2365.0188 2363.1850 2361.2520 2359.4677 2357.2321 2355.4402 2353.3741 2351.6955 2349.7912 2348.1954 2345.8498 2344.2019 2342.3694 2340.5649 2338.3261 2336.5139 2334.5980 2332.6297 2331.1467 2329.1677 2327.3684 2325.2458 2323.4416 2321.3662 2319.6574 2317.6885 2315.6295 2314.0343 2311.9391 2310.1486 2308.2655 2306.5575 2304.6049 2302.6831 2300.8946 2298.7610 2296.8799 2295.0165 2292.9950 2291.1495 2289.4520 2287.2325 2285.4782 2283.5753 2281.5664 2280.0069 2278.1050 2276.1245 2274.0722
2384.3002 2382.2602 2380.6758 2378.5319 2377.0255 2375.0343 2372.7627 2371.2531 2368.9882 2367.4925 2365.2595 2363.7628 2361.8402 2359.7339 2357.8077 2355.8608 2354.2820 2352.1453 2350.0427 2348.2406 2346.4952 2344.5398 2342.4831 2341.0051 2339.0261 2337.0553 2334.9329 2333.3388 2331.3491 2329.4304 2327.6987 2325.7096 2323.7836 2321.6896 2320.1055 2317.8982 2316.0072 2314.4437 2312.5147 2310.4185 2308.5058 2306.5803 2304.8418 2303.0683 2301.0244 2299.0706 2297.3728 2295.0408 2293.4689 2291.7065 2289.5170 2287.4601 2285.5725 2283.8197 2281.8456 2280.3491 2278.3246 2276.2367 2274.2100 2272.5418
2383.1598 2380.7989 2379.0827 2377.3437 2375.1289 2373.3336 2371.3943 2369.4265 2367.5740 2365.9552 2363.8485 2361.9986 2360.0724 2358.3553 2356.3748 2354.7165 2352.4705 2350.6950 2348.9030 2346.9919 2345.0651 2343.2448 2341.0000 2339.2272 2337.6062 2335.3273 2333.6853 2331.8596 2330.0159 2327.6463 2326.1489 2324.1921 2322.2525 2320.1719 2318.2543 2316.6728 2314.6344 2312.6474 2310.9708 2308.7946 2307.0842 2305.1766 2303.0296 2301.2259 2299.5357 2297.4987 2295.6290 2293.5721 2291.6369 2290.1614 2287.9805 2285.9404 2284.0864 2282.2875 2280.6081 2278.6212 2276.5778 2274.8866 2272.7830 2270.7596
2381.3290 2379.6576 2377.7815 2375.7963 2374.1472 2372.2169 2370.0140 2368.2113 2366.3722 2364.2353 2362.6746 2360.7383 2358.9336 2356.7724 2354.7902 2352.9457 2351.3059 2349.2914 2347.1365 2345.2745 2343.5094 2341.3556 2339.8567 2337.9128 2335.7854 2333.7472 2331.8358 2330.3296 2328.0717 2326.2251 2324.6754 2322.6765 2320.6518 2318.5635 2316.9014 2315.0293 2313.1725 2311.0643 2309.0687 2307.2819 2305.6461 2303.4401 2301.4445 2299.5899 2298.0764 2296.0403 2293.9151 2292.1864 2290.0073 2288.3373 2286.4579 2284.5186 2282.6494 2280.5716 2278.8774 2276.8814 2275.1235 2272.8696 2271.3218 2269.4561
2380.1853 2378.2062 2376.3412 2374.5741 2372.3295 2370.7706 2368.8306 2366.5949 2365.0474 2362.7606 2360.8265 2359.2445 2357.3362 2355.4137 2353.4581 2351.6340 2349.5191 2347.9064 2346.0045 2344.1469 2341.8947 2339.9475 2338.0774 2336.3856 2334.3833 2332.7150 2330.8019 2328.7950 2326.5444 2324.6677 2322.9870 2321.1146 2319.3621 2317.4365 2315.4589 2313.5200 2311.4033 2309.6601 2307.8530 2305.6933 2304.1138 2302.1404 2300.0056 2298.3975 2296.2874 2294.3945 2292.4251 2290.6371 2288.6011 2286.7391 2284.8311 2283.1764 2280.7800 2278.8982 2276.9748 2275.3790 2273.5371 2271.3443 2269.4582 2267.7284
2378.4632 2376.9838 2374.7291 2373.0890 2370.9590 2368.9304 2367.2142 2365.3447 2363.3292 2361.3425 2359.3999 2357.8330 2355.9344 2353.9573 2351.9146 2349.8653 2348.1525 2346.1524 2344.2781 2342.2718 2340.7078 2338.7005 2336.5434 2334.6166 2332.7843 2331.0408 2329.2612 2327.1046 2325.0241 2323.0955 2321.5795 2319.6287 2317.6515 2315.4757 2313.8997 2311.6427 2309.7256 2308.3151 2305.9280 2304.1191 2302.3257 2300.6709 2298.6377 2296.7937 2294.7893 2292.7666 2291.0277 2288.7552 2287.1725 2285.3869 2283.2525 2281.1016 2279.6628 2277.4618 2275.6243 2273.6484 2271.6322 2269.9287 2267.7854 2265.8722
2377.2056 2375.3757 2373.5954 2371.4836 2369.5201 2367.9196 2365.7277 2363.9333 2362.2141 2360.1346 2358.1415 2356.2992 2354.3638 2352.2447 2350.7030 2348.3906 2346.7743 2345.0108 2342.7898 2340.7998 2338.8389 2337.2783 2335.3501 2333.5380 2331.2583 2329.2327 2327.3460 2325.6145 2323.8662 2321.8793 2319.8091 2318.0318 2316.0467 2313.9295 2312.0893 2310.2867 2308.2266 2306.6799 2304.3719 2302.4717 2300.5562 2298.9032 2297.1709 2295.1954 2292.9683 2291.1944 2289.3570 2287.5672 2285.5638 2283.6166 2281.4292 2279.6725 2277.8892 2275.8259 2273.8364 2272.2592 2269.9596 2268.5317 2266.3894 2264.5555
2375.9614 2373.8423 2372.0438 2370.1322 2368.2601 2366.1805 2364.2331 2362.5652 2360.6865 2358.4377 2356.7975 2354.6508 2352.7404 2351.1420 2348.8053 2346.8726 2345.4360 2343.3145 2341.6018 2339.5730 2337.7216 2335.7441 2333.4780 2331.9348 2329.8918 2328.2057 2326.2671 2324.0483 2322.0214 2320.4561 2318.3010 2316.6503 2314.7651 2312.8658 2310.6504 2308.5859 2307.1140 2305.2169 2302.8412 2301.2625 2299.0560 2297.1339 2295.3364 2293.6956 2291.4921 2289.6654 2287.6919 2285.5944 2283.8953 2282.0994 2279.8702 2278.0849 2276.3147 2274.4417 2272.4625 2270.4449 2268.6882 2266.8182 2264.5679 2262.8202
2374.3983 2372.6890 2370.4957 2368.6020 2366.8153 2364.9469 2362.8603 2361.2268 2358.8675 2357.1820 2355.3589 2353.3134 2351.2948 2349.5939 2347.5228 2345.7324 2343.6485 2341.8506 2340.0968 2337.9751 2336.2071 2333.9736 2332.3532 2330.2448 2328.3736 2326.2908 2324.5964 2322.4685 2320.5078 2318.9206 2316.7663 2315.1722 2313.2233 2311.2378 2308.9891 2307.4422 2305.2107 2303.2426 2301.6740 2299.7086 2297.6378 2295.8495 2293.6241 2292.0786 2290.2334 2288.1333 2286.2184 2284.2443 2282.1030 2280.1866 2278.5053 2276.5929 2274.6303 2272.8779 2270.9612 2268.9241 2267.0494 2264.9214 2263.2308 2261.4342
2373.1256 2370.9201 2369.2746 2367.0562 2365.2228 2363.2176 2361.3458 2359.5604 2357.4793 2355.5158 2353.6247 2351.7049 2349.7034 2347.9856 2345.9296 2344.3051 2342.1750 2340.2137 2338.4149 2336.5716 2334.7704 2332.7807 2330.8986 2328.7657 2326.6938 2324.8103 2322.8419 2321.0631 2318.9887 2317.3904 2315.4632 2313.3810 2311.4339 2309.7863 2307.8382 2305.8416 2303.9082 2301.8974 2299.8995 2297.9259 2296.0318 2294.0591 2292.2025 2290.3264 2288.3380 2286.6649 2284.5289 2282.4321 2280.6158 2278.8422 2276.6631 2274.7522 2273.2696 2271.1186 2269.3615 2267.3745 2265.2438 2263.2067 2261.7358 2259.3975
2371.5307 2369.5057 2367.8688 2365.5780 2363.8358 2362.1197 2360.2208 2358.1543 2356.3586 2354.1811 2352.5469 2350.1958 2348.4243 2346.3835 2344.7010 2342.8188 2340.6252 2339.0801 2337.0167 2335.2029 2333.0734 2331.0874 2329.4412 2327.0598 2325.2910 2323.5918 2321.4903 2319.7823 2317.6351 2315.5421 2313.6099 2311.7712 2310.0119 2308.0831 2306.0767 2304.3008 2302.5158 2300.1096 2298.4023 2296.7001 2294.7000 2292.8024 2290.9437 2288.8079 2287.0885 2285.0267 2282.9652 2281.1505 2279.1818 2277.2540 2275.5669 2273.5784 2271.4200 2269.6149 2267.4406 2265.8333 2263.8347 2261.8588 2259.7789 2258.0284
2370.3138 2368.0791 2366.4359 2364.5345 2362.2292 2360.7380 2358.7354 2356.7887 2354.8169 2352.7915 2351.1167 2349.1493 2347.2704 2345.0445 2343.0822 2341.1728 2339.2859 2337.3052 2335.2177 2333.3820 2331.8156 2329.5942 2327.8621 2325.5848 2324.0280 2321.9792 2319.9232 2318.1118 2316.1822 2314.3863 2312.4123 2310.3029 2308.5637 2306.3066 2304.4485 2302.5427 2300.6849 2299.0527 2296.9138 2294.8971 2293.2088 2291.0949 2289.3614 2287.4734 2285.3345 2283.1694 2281.4403 2279.5324 2277.3808 2275.5883 2273.6350 2271.7585 2270.0958 2267.7123 2266.2417 2263.9360 2262.3165 2260.1357 2258.3199 2256.6008
2368.5383 2366.8720 2364.9542 2363.0316 2360.9436 2358.9071 2357.3578 2354.9989 2353.4300 2351.3778 2349.4537 2347.3035 2345.3239 2343.8795 2341.4821 2339.8187 2337.9965 2336.1532 2334.1583 2332.0425 2329.9273 2328.1213 2326.0557 2324.4981 2322.4773 2320.5217 2318.5050 2316.4781 2314.5978 2312.9173 2311.0170 2308.7914 2306.8442 2304.8027 2302.8740 2300.9848 2299.0578 2297.2029 2295.1473 2293.4838 2291.6448 2289.3599 2287.4371 2285.8221 2283.4955 2281.9246 2280.0468 2277.7410 2275.9097 2273.8313 2271.9450 2270.1291 2268.0468 2266.1182 2264.3581 2262.2451 2260.7615 2258.7730 2256.6361 2254.8876
2367.3815 2365.4048 2363.4709 2361.3131 2359.5662 2357.4071 2355.5040 2353.9708 2351.8804 2349.9285 2347.8819 2346.1142 2343.9038 2342.3926 2340.1435 2338.4560 2336.4001 2334.3041 2332.6083 2330.5563 2328.7543 2326.5802 2324.6319 2322.5724 2320.8040 2318.9934 2317.0263 2314.8752 2312.9035 2311.3799 2309.2377 2307.4958 2305.2000 2303.6463 2301.2997 2299.4364 2297.8960 2295.7428 2293.6500 2292.0063 2289.9523 2287.9113 2285.8534 2284.2074 2282.0086 2280.4556 2278.3050 2276.5592 2274.6731 2272.6407 2270.3304 2268.7135 2266.6491 2264.5051 2262.6594 2260.6888 2258.7365 2256.9648 2254.9705 2252.9432
2365.8019 2363.9354 2361.8123 2359.9075 2358.3277 2356.0066 2354.0514 2352.1646 2350.2639 2348.5171 2346.6774 2344.7619 2342.7782 2340.8390 2338.5573 2336.7015 2334.8398 2332.7722 2330.8904 2328.8266 2326.9502 2325.2385 2323.3629 2321.2594 2319.4389 2317.3738 2315.3283 2313.5888 2311.8521 2309.6145 2307.8553 2305.7023 2303.7649 2302.0016 2299.7597 2298.0956 2296.2323 2294.0322 2292.2621 2290.2350 2288.1509 2286.4557 2284.3993 2282.5246 2280.6277 2278.8738 2276.8767 2274.6838 2272.8606 2270.8363 2269.0857 2266.9644 2265.0336 2263.1943 2261.3931 2259.0331 2257.4028 2255.1514 2253.2653 2251.4719
2364.5720 2362.6114 2360.7466 2358.9146 2356.7374 2354.8974 2352.8352 2350.7991 2349.1568 2347.1528 2345.1769 2342.9188 2341.2451 2339.4521 2337.1637 2335.2438 2333.5872 2331.7181 2329.7361 2327.8045 2325.8645 2323.9108 2321.8810 2319.9567 2317.9269 2315.8369 2314.1730 2311.8292 2309.8816 2307.9633 2306.4350 2304.3760 2302.1010 2300.3116 2298.5177 2296.2761 2294.3552 2292.6752 2290.5316 2288.6123 2286.7310 2284.8000 2282.9822 2281.0595 2279.1993 2277.2045 2275.0191 2273.2720 2271.3938 2269.4772 2267.5582 2265.4550 2263.6259 2261.7787 2259.5216 2257.8772 2255.4974 2253.7705 2251.7279 2250.1239
2363.1957 2361.0192 2359.3606 2357.0453 2355.4211 2353.4308 2351.4174 2349.6563 2347.4450 2345.7314 2343.7646 2341.4658 2339.6570 2337.6878 2335.8982 2333.9626 2331.9927 2329.8001 2328.1734 2325.9333 2323.9349 2322.3984 2320.3269 2318.4233 2316.3248 2314.5464 2312.2612 2310.7136 2308.7889 2306.7673 2304.8051 2302.7358 2300.6338 2298.7858 2297.0362 2295.0239 2293.0875 2291.1560 2289.0397 2287.3762 2285.0494 2283.3179 2281.3497 2279.4110 2277.4437 2275.6752 2273.6346 2271.8000 2269.6697 2267.7137 2265.8693 2264.0100 2262.0726 2260.0467 2257.8917 2256.0822 2254.0993 2252.3293 2250.0134 2248.3591
2361.6668 2359.7402 2357.7405 2355.8142 2354.0908 2351.8954 2349.9839 2348.1303 2346.0984 2344.2656 2342.3370 2340.4490 2338.2133 2336.3108 2334.2111 2332.4209 2330.5264 2328.5861 2326.3378 2324.8657 2322.8942 2320.7576 2318.8063 2317.0288 2315.1106 2313.1594 2311.2155 2309.1194 2306.8918 2305.3263 2303.4055 2301.1428 2299.2603 2297.5877 2295.6134 2293.4157 2291.5293 2289.7911 2287.5531 2285.4680 2283.4934 2281.5627 2279.9309 2277.7827 2275.8690 2273.7502 2272.1396 2269.9504 2268.0712 2266.2543 2264.2840 2262.0895 2260.2989 2258.1247 2256.1907 2254.3921 2252.6272 2250.5738 2248.4394 2246.5291
2360.2282 2358.2499 2356.4586 2354.3571 2352.2397 2350.3281 2348.7548 2346.6136 2344.8271 2342.5516 2340.7813 2338.6490 2336.7210 2334.6435 2333.0565 2331.0601 2328.9506 2326.8149 2325.2291 2323.2886 2321.1205 2319.0075 2317.1589 2315.5712 2313.1319 2311.3520 2309.7224 2307.3708 2305.3427 2303.7989 2301.6393 2299.4854 2297.6155 2295.5934 2293.8034 2291.8404 2289.9370 2288.2149 2285.8811 2284.0401 2282.2703 2280.0103 2278.3713 2276.0852 2274.2525 2272.5769 2270.6421 2268.6803 2266.4777 2264.6567 2262.7339 2260.8358 2258.5306 2256.5262 2254.9943 2252.6673 2250.7203 2248.8187 2246.8890 2244.9395
2359.0527 2357.1007 2355.1447 2352.8927 2350.9999 2348.8696 2346.9123 2345.1380 2343.3700 2341.4097 2339.1910 2337.3875 2335.1555 2333.3359 2331.2727 2329.5815 2327.3891 2325.4215 2323.5125 2321.5679 2319.9239 2317.7221 2315.9836 2313.7305 2311.9851 2310.1595 2308.0852 2306.0657 2304.2255 2302.3418 2300.2762 2298.4334 2296.3073 2294.1375 2292.0958 2290.1368 2288.5638 2286.5583 2284.6674 2282.7177 2280.4724 2278.7167 2276.5105 2274.6890 2272.5180 2270.7096 2268.7507 2266.7779 2265.1854 2262.8104 2261.0639 2258.9558 2257.0113 2255.2632 2253.4330 2251.1152 2249.1071 2247.2961 2245.4888 2243.5352
2357.4170 2355.4269 2353.3763 2351.7253 2349.4784 2347.7871 2345.8002 2343.8069 2341.8090 2339.8554 2337.8815 2335.9819 2333.9788 2332.0066 2330.0166 2328.1007 2326.0121 2324.1101 2322.0320 2320.0881 2318.4642 2316.0171 2314.4777 2312.5832 2310.4840 2308.2827 2306.3464 2304.4650 2302.6463 2300.4199 2298.4970 2296.6102 2294.7430 2292.6937 2290.6773 2288.7001 2287.0460 2284.7794 2282.7493 2281.0579 2278.9211 2277.0548 2275.2599 2273.2075 2271.2414 2269.0222 2267.3861 2265.3236 2263.4850 2261.6016 2259.4280 2257.2816 2255.6130 2253.4206 2251.6412 2249.8447 2247.7273 2245.6297 2243.5952 2241.6012
