Dimension Analysis/Wide/CA-TP3_Gini_0.90/dem_fat.txt
ncols         500
nrows         320
xllcorner     100000
yllcorner     100000
cellsize      10
NODATA_value  -9999
[rows 78 to 103 of 320, columns 0 to 59 of 500]
2466.5693 2464.9444 2463.2123 2461.5972 2460.0178 2458.0200 2456.4536 2454.6473 2452.9425 2451.2607 2449.8861 2447.8029 2446.4563 2444.7537 2442.8259 2441.1381 2439.3715 2437.7655 2436.0607 2434.1504 2432.5881 2430.9618 2429.1914 2427.3686 2426.0434 2424.1217 2422.4135 2420.5303 2418.9981 2417.3234 2415.5726 2414.0170 2412.4514 2410.7043 2408.7623 2407.2724 2405.4768 2403.8797 2402.1403 2400.4035 2398.5298 2396.7368 2395.0363 2393.5345 2392.0368 2390.1677 2388.5135 2386.6632 2385.2628 2383.2493 2381.6922 2380.0878 2378.4914 2376.5005 2374.9398 2373.3291 2371.3800 2369.7118 2368.1527 2366.3817
2465.4636 2463.5017 2462.0709 2460.2042 2458.3678 2456.8174 2454.8197 2453.3378 2451.6461 2449.9329 2448.3132 2446.3620 2444.6926 2443.1640 2441.2221 2439.6198 2437.9845 2436.1775 2434.3583 2432.7090 2431.0382 2429.2448 2427.5556 2425.8594 2424.4470 2422.4553 2421.1784 2419.4276 2417.6735 2415.6613 2414.3371 2412.5382 2410.5864 2408.8813 2407.1840 2405.8755 2403.8079 2402.0576 2400.3896 2398.6967 2396.9176 2395.1676 2393.5285 2391.8419 2390.3461 2388.6376 2386.7717 2384.9489 2383.6034 2381.9641 2380.1759 2378.2699 2376.5732 2375.0447 2373.2968 2371.7600 2369.8420 2368.2439 2366.2964 2364.6193
2463.6941 2462.1435 2460.2948 2458.8899 2457.2321 2455.3091 2453.6695 2452.0645 2450.2594 2448.5140 2446.9281 2444.9567 2443.1945 2441.6315 2440.0886 2438.0605 2436.3790 2434.8529 2433.1334 2431.4074 2429.4720 2427.8773 2426.2719 2424.4583 2422.8397 2420.9841 2419.4174 2417.7795 2416.1568 2414.5462 2412.6700 2411.1735 2409.3469 2407.4854 2405.9125 2404.2088 2402.5070 2400.8404 2398.7912 2397.3191 2395.3847 2393.7551 2392.1675 2390.2081 2388.8753 2386.9784 2385.4081 2383.6349 2382.0079 2380.2902 2378.5892 2376.5783 2375.0628 2373.4205 2371.6854 2370.1873 2368.4522 2366.4848 2365.0518 2362.9830
2462.5963 2460.8919 2458.9473 2457.5465 2455.6222 2453.9973 2452.2017 2450.2884 2448.5157 2446.8391 2445.1326 2443.6451 2441.8784 2440.2227 2438.3818 2436.9021 2435.1346 2433.1495 2431.8661 2429.7087 2428.2732 2426.3646 2424.8285 2422.9198 2421.2422 2419.5633 2418.1957 2416.3448 2414.5174 2412.7063 2411.0809 2409.5235 2407.8898 2405.8424 2404.2745 2402.3118 2400.8959 2399.3715 2397.5262 2395.5951 2393.7887 2392.3370 2390.4063 2388.6199 2387.3018 2385.2431 2383.5687 2381.9393 2380.2849 2378.8051 2377.1151 2375.0888 2373.4480 2371.5100 2370.1189 2368.1646 2366.3797 2364.8573 2363.0677 2361.3999
2461.2169 2459.3565 2457.3794 2455.8595 2454.0514 2452.5768 2450.7465 2448.9972 2447.1337 2445.4278 2443.8569 2441.9634 2440.4269 2438.8429 2436.9281 2435.3280 2433.3625 2431.7602 2430.0533 2428.2658 2426.8914 2424.9051 2423.1013 2421.6854 2419.9972 2418.3090 2416.3506 2414.6821 2413.0115 2411.1127 2409.3540 2408.0852 2405.9433 2404.4696 2402.6927 2400.9147 2399.1373 2397.4300 2396.0690 2394.2811 2392.4646 2390.9584 2389.1960 2387.0739 2385.6573 2383.6777 2381.9926 2380.3331 2378.9782 2377.1042 2375.2754 2373.4476 2371.7563 2370.2170 2368.6653 2366.5748 2364.7877 2363.5128 2361.4248 2359.8035
2459.3716 2458.0922 2455.9670 2454.3446 2452.9349 2451.0672 2449.1746 2447.6883 2446.0669 2444.2304 2442.5848 2440.7660 2439.2176 2437.4677 2435.6608 2433.8094 2432.0083 2430.5871 2428.4997 2426.8316 2425.1867 2423.4758 2421.8459 2420.2690 2418.2828 2416.8944 2414.9098 2413.2634 2411.3000 2409.7172 2408.1221 2406.3724 2404.6411 2403.0914 2400.9757 2399.5707 2397.8550 2395.9234 2394.5670 2392.6884 2390.7585 2388.9553 2387.6250 2385.7167 2383.8827 2382.3932 2380.8268 2379.0780 2377.3165 2375.2463 2373.7830 2372.0362 2370.5255 2368.4140 2367.0548 2365.1410 2363.4894 2361.4950 2360.0543 2358.2066
2457.9622 2456.4258 2454.5804 2452.8910 2451.4675 2449.7674 2447.9257 2446.2046 2444.5562 2442.8118 2440.9831 2439.3603 2437.4614 2435.6857 2434.2362 2432.5662 2430.5023 2428.7539 2427.2705 2425.5148 2423.9543 2421.8425 2420.4470 2418.5395 2416.8010 2415.2155 2413.4159 2411.6948 2410.1888 2408.4014 2406.4702 2404.6174 2403.1068 2401.5573 2399.4186 2397.8952 2396.3425 2394.7162 2392.7582 2391.0639 2389.5373 2387.6370 2385.9745 2383.9682 2382.3331 2380.8554 2378.9283 2377.4086 2375.4196 2373.7451 2372.3351 2370.3490 2368.6967 2367.1130 2365.4228 2363.4275 2361.5696 2359.9947 2358.4481 2356.6010
2456.8141 2455.1340 2453.5605 2451.5274 2449.9732 2448.3668 2446.3792 2444.8921 2443.0934 2441.1577 2439.2943 2437.7536 2435.9938 2434.3329 2432.6420 2430.7359 2429.1733 2427.4571 2425.5147 2423.7692 2422.0534 2420.4819 2418.9863 2416.9693 2415.4534 2413.7393 2411.9273 2410.3077 2408.2996 2406.5933 2404.9419 2403.5040 2401.3740 2399.7691 2398.2266 2396.2234 2394.7503 2392.7353 2391.2610 2389.4198 2387.6547 2385.8557 2384.1355 2382.8402 2381.0729 2379.1131 2377.2524 2375.4731 2373.9024 2372.3061 2370.5264 2368.7788 2367.1431 2365.3913 2363.8871 2361.8017 2360.1629 2358.5403 2356.6775 2355.1999
2455.2737 2453.8391 2451.6522 2450.2525 2448.6513 2446.6695 2444.9435 2443.2524 2441.5601 2439.8841 2438.0243 2436.4546 2434.6676 2433.1016 2431.1256 2429.5414 2427.7555 2426.1306 2424.2266 2422.5292 2420.5711 2419.2520 2417.1648 2415.6163 2413.8978 2412.3999 2410.5816 2408.6707 2406.7875 2405.3021 2403.2909 2401.8479 2400.1564 2398.2075 2396.8189 2394.8022 2393.2279 2391.3966 2389.8989 2387.9616 2386.2882 2384.7429 2382.6795 2380.9333 2379.2518 2377.6283 2375.8266 2373.9772 2372.5392 2370.8183 2368.9620 2367.4506 2365.5386 2363.5792 2362.1746 2360.3495 2358.4202 2356.8261 2355.3719 2353.4440
2453.6807 2452.3911 2450.6926 2448.9078 2447.0716 2445.2036 2443.6275 2441.6551 2440.2566 2438.1864 2436.8330 2434.9734 2433.1951 2431.1974 2429.4820 2428.1234 2426.1213 2424.4522 2422.8504 2421.0522 2419.4200 2417.4304 2416.0212 2414.0957 2412.3891 2410.4672 2408.9645 2407.1174 2405.2803 2403.8462 2401.9484 2400.4495 2398.6800 2396.8386 2394.8620 2393.2888 2391.7416 2389.8606 2388.1717 2386.1853 2384.5644 2382.8760 2381.1396 2379.3182 2377.5193 2376.0698 2374.3847 2372.5971 2370.6055 2369.0790 2367.5965 2365.6339 2364.0784 2362.4218 2360.5473 2358.5260 2357.1356 2355.3600 2353.4343 2351.6484
2452.3684 2450.5251 2449.2604 2447.0688 2445.6066 2443.8471 2442.1656 2440.1731 2438.4665 2436.7706 2435.3590 2433.6279 2431.9009 2429.9592 2428.4065 2426.6452 2424.5941 2423.1100 2421.1727 2419.5881 2418.0233 2416.3230 2414.3651 2412.4099 2411.0949 2409.1468 2407.2338 2405.7775 2404.0640 2402.2687 2400.2230 2398.5433 2396.9297 2395.4328 2393.2955 2391.8715 2389.9818 2388.2397 2386.7192 2384.8174 2383.2268 2381.2684 2379.4571 2378.0439 2376.4138 2374.6823 2372.7792 2370.7600 2369.1389 2367.4829 2365.8980 2364.0517 2362.2495 2360.5886 2358.9107 2356.9700 2355.4294 2353.7341 2352.0098 2350.1610
2451.1457 2449.3152 2447.4193 2445.8042 2444.2446 2442.3100 2440.4418 2439.1397 2437.2095 2435.3463 2433.5380 2431.7916 2430.0914 2428.6691 2426.9403 2424.8112 2423.2199 2421.3488 2419.5896 2417.8515 2416.2856 2414.8150 2413.0796 2411.0245 2409.5085 2407.8835 2405.7408 2404.1793 2402.4154 2400.6376 2398.8319 2397.2025 2395.3748 2393.9504 2392.1980 2390.0843 2388.5690 2386.6524 2385.0844 2383.2186 2381.7722 2379.9488 2378.1000 2376.5664 2374.7625 2372.9160 2370.9528 2369.1693 2367.7608 2366.0490 2363.9860 2362.4616 2360.6325 2358.9733 2357.4226 2355.3119 2353.9100 2352.0193 2350.4413 2348.5112
2449.8327 2447.7504 2446.0197 2444.3994 2442.5101 2441.1566 2439.0821 2437.3144 2435.8050 2434.2315 2432.3492 2430.7465 2428.8953 2426.8077 2425.1825 2423.3732 2421.6442 2420.2592 2418.2765 2416.7413 2414.6052 2413.3453 2411.2091 2409.5970 2407.9233 2406.3329 2404.2762 2402.4172 2401.0440 2398.9255 2397.3123 2395.7232 2394.0830 2392.3931 2390.2766 2388.6496 2386.7455 2385.2441 2383.7519 2381.5286 2379.8284 2378.1308 2376.3770 2375.0412 2373.2813 2371.3408 2369.4357 2367.9117 2366.1886 2364.4461 2362.3643 2360.7738 2359.1927 2357.6231 2355.4537 2353.9180 2352.0069 2350.3194 2348.8919 2346.8665
2448.3505 2446.7409 2444.7171 2442.8214 2441.0304 2439.6640 2437.5455 2436.0459 2434.1547 2432.3785 2430.8912 2428.8219 2427.4891 2425.3649 2423.8019 2422.2634 2420.3666 2418.4584 2416.6332 2415.0322 2413.3101 2411.7495 2409.9910 2408.3255 2406.5391 2404.7212 2402.7785 2401.3416 2399.1680 2397.7966 2395.7282 2394.2413 2392.3018 2390.6627 2388.7738 2387.1568 2385.2625 2383.6218 2382.2056 2380.2326 2378.5834 2376.5697 2374.7575 2373.0331 2371.7020 2369.7993 2367.8356 2366.4756 2364.4842 2362.7102 2360.8088 2359.0342 2357.5120 2355.8086 2354.1448 2352.1733 2350.4945 2348.9333 2347.2303 2345.4634
2446.6041 2445.0625 2443.3295 2441.7847 2439.7570 2438.2554 2436.2133 2434.4434 2433.0682 2430.8906 2429.4569 2427.5717 2426.0518 2424.3050 2422.4868 2420.8253 2418.8323 2417.1660 2415.4698 2413.7777 2411.6491 2409.9402 2408.3289 2406.5073 2404.9239 2403.1873 2401.4499 2399.6245 2398.1345 2396.0942 2394.4607 2392.6063 2391.0087 2389.3240 2387.3804 2385.5986 2383.9043 2382.3482 2380.5851 2378.6423 2376.9054 2374.9451 2373.6403 2371.7374 2370.0396 2368.4001 2366.4479 2364.8219 2362.9979 2360.9465 2359.5055 2357.6408 2355.7583 2354.2473 2352.4229 2350.5079 2348.9433 2347.0940 2345.6554 2343.4575
2445.3942 2443.4790 2442.0148 2440.1800 2438.6269 2436.7226 2434.9211 2433.3922 2431.5911 2429.6901 2427.8722 2425.9463 2424.1963 2422.8794 2421.1005 2419.2365 2417.1569 2415.5992 2413.8561 2412.2704 2410.3222 2408.8074 2406.7171 2404.9588 2403.1839 2401.8374 2399.9754 2398.2389 2396.5480 2394.5194 2392.9261 2391.0899 2389.5729 2387.5960 2386.0509 2383.9232 2382.5136 2380.3800 2378.8111 2377.2064 2375.1638 2373.4234 2371.9017 2370.1373 2368.5520 2366.5712 2365.0047 2362.9950 2361.2101 2359.3491 2357.6704 2356.1886 2354.3662 2352.4639 2350.8729 2348.9376 2347.3120 2345.4873 2343.6751 2342.0180
2444.0816 2442.3988 2440.6780 2438.7098 2437.1205 2435.1162 2433.2149 2431.8393 2429.7207 2428.2961 2426.5417 2424.5390 2423.0990 2421.1086 2419.2234 2417.8970 2416.0238 2414.0165 2412.6025 2410.4393 2408.6892 2407.0853 2405.5304 2403.8236 2401.8918 2400.3695 2398.6022 2396.6797 2395.0697 2393.1512 2391.3224 2389.8098 2387.9198 2385.9205 2384.2949 2382.5885 2380.6031 2378.9221 2377.1812 2375.6071 2373.8149 2372.2375 2370.0819 2368.7074 2366.9616 2364.9769 2363.0880 2361.3068 2359.5526 2358.0092 2356.4323 2354.6422 2352.6535 2351.0491 2349.2736 2347.6897 2345.8885 2343.9888 2342.3135 2340.6841
2442.8045 2440.9061 2439.2004 2437.2414 2435.4971 2434.0273 2431.7879 2430.4683 2428.2995 2426.9185 2425.0690 2423.3204 2421.2407 2419.6203 2417.7134 2416.2412 2414.3031 2412.7049 2410.9987 2409.1181 2407.3443 2405.6333 2403.7023 2401.9918 2400.2669 2398.8690 2396.9995 2394.8897 2393.2198 2391.5212 2389.8486 2387.8633 2386.1253 2384.4358 2382.6684 2380.8841 2379.2370 2377.6630 2376.0050 2374.0900 2372.3288 2370.5437 2368.4997 2366.8859 2365.0580 2363.6974 2361.6490 2359.9661 2358.2908 2356.6403 2354.5314 2352.9687 2351.1715 2349.2216 2347.7513 2345.7314 2344.2249 2342.3363 2340.4746 2338.9923
2441.0959 2439.5003 2437.4223 2435.8134 2433.8752 2432.3130 2430.6655 2429.0597 2427.0283 2425.3961 2423.4749 2421.5472 2419.9786 2418.2233 2416.6046 2414.7438 2412.9202 2411.1441 2409.5353 2407.4501 2405.7440 2404.3846 2402.5272 2400.4187 2398.6640 2397.0339 2395.4858 2393.8393 2391.9412 2390.2290 2388.4615 2386.7542 2384.8728 2382.9450 2381.4269 2379.2769 2377.9815 2375.9081 2374.4630 2372.5528 2370.8353 2369.0024 2367.1601 2365.4526 2363.8539 2361.9781 2360.1093 2358.2451 2356.5264 2354.8398 2353.2446 2351.3566 2349.6044 2347.8003 2345.9746 2344.5107 2342.6043 2340.6947 2338.7491 2337.3124
2439.5316 2437.8449 2436.2345 2434.2327 2432.6247 2430.9463 2429.2240 2427.1906 2425.5591 2423.9567 2422.1547 2420.1431 2418.3429 2416.7225 2415.2712 2413.4674 2411.5986 2409.8358 2408.0034 2406.1978 2404.5062 2402.6527 2400.7537 2399.1633 2397.4627 2395.6936 2393.6523 2391.8419 2390.0909 2388.6796 2386.7576 2384.9342 2383.1263 2381.4766 2379.5009 2378.2103 2376.2056 2374.3560 2372.8912 2370.8335 2369.3586 2367.3844 2365.7932 2364.0176 2361.8673 2360.3767 2358.6896 2356.9747 2354.8548 2353.3015 2351.5305 2349.7175 2347.9408 2345.9629 2344.5172 2342.8496 2340.7189 2339.0384 2337.3097 2335.4706
2438.4378 2436.7692 2434.8655 2433.2572 2431.4056 2429.3391 2427.4971 2425.6961 2424.1592 2422.3949 2420.5708 2419.0481 2417.2288 2415.5668 2413.7239 2411.9031 2409.8345 2408.4805 2406.2609 2404.6171 2402.8451 2401.2129 2399.6138 2397.4228 2395.8353 2394.2977 2392.3201 2390.4988 2388.9329 2387.0005 2385.1344 2383.3521 2381.8530 2379.7899 2378.1596 2376.4533 2374.8460 2373.0695 2371.0625 2369.4749 2367.7651 2365.9850 2364.0201 2362.2208 2360.7456 2358.9613 2357.0771 2355.0138 2353.5263 2351.6021 2350.1340 2348.3676 2346.2936 2344.7767 2342.6174 2341.0693 2339.5339 2337.3913 2335.5792 2333.7652
2436.9097 2435.0764 2433.4380 2431.5393 2429.8091 2428.1764 2426.4877 2424.3960 2422.8195 2421.0627 2419.0813 2417.4926 2415.8214 2413.7538 2412.0357 2410.1966 2408.5523 2406.5518 2404.9966 2403.2910 2401.4648 2399.6640 2397.9199 2395.9985 2394.2623 2392.5648 2390.9295 2388.9568 2387.4936 2385.6799 2383.5097 2381.9045 2379.9840 2378.6858 2376.6032 2375.0896 2373.0359 2371.1598 2369.7970 2367.9151 2365.8365 2364.4986 2362.2553 2360.8742 2358.9430 2356.9880 2355.4829 2353.4629 2351.8499 2350.0383 2348.2988 2346.3575 2344.9647 2343.1780 2341.3594 2339.6762 2337.5473 2336.0690 2333.9989 2332.3500
2435.3348 2433.5347 2431.9844 2430.0930 2428.2440 2426.5369 2424.6989 2423.0483 2421.4213 2419.4189 2417.5521 2415.9531 2414.0114 2412.2681 2410.4011 2408.6321 2407.0297 2405.1510 2403.4828 2401.8381 2399.8096 2398.3104 2396.4939 2394.8532 2393.1199 2391.3298 2389.3913 2387.7311 2385.9724 2384.2123 2382.3130 2380.6410 2378.8502 2377.0444 2375.3623 2373.2940 2371.5869 2369.8079 2368.2619 2366.3626 2364.5264 2362.9582 2360.8645 2359.2869 2357.3436 2355.6001 2353.9474 2351.8444 2350.3691 2348.6492 2346.7314 2345.0401 2343.0379 2341.6370 2339.8835 2337.6416 2335.9771 2334.4346 2332.5813 2330.9640
2433.8736 2432.3050 2430.6271 2428.5174 2426.7994 2425.2348 2423.3339 2421.7529 2419.8497 2417.8409 2416.1459 2414.4236 2412.5617 2410.7355 2409.3051 2407.3116 2405.7545 2403.7651 2401.9313 2400.4248 2398.3548 2396.9044 2394.8187 2392.9199 2391.2071 2389.3942 2387.6829 2386.2716 2384.0653 2382.5250 2380.6814 2379.0471 2377.2946 2375.4280 2373.4843 2371.8697 2369.9009 2368.3440 2366.4281 2364.4644 2362.8613 2361.3015 2359.2941 2357.7192 2355.6827 2353.9622 2352.2820 2350.5992 2348.8111 2346.9472 2345.1477 2343.1637 2341.4956 2339.8386 2338.1868 2336.2985 2334.6954 2332.8839 2330.7615 2329.0630
2432.6321 2430.6782 2429.0874 2427.2734 2425.6590 2423.9199 2422.1312 2420.2918 2418.1940 2416.6452 2414.9388 2413.0460 2411.2233 2409.2852 2407.8240 2405.8403 2404.3380 2402.1207 2400.6211 2398.8398 2397.1674 2395.2659 2393.4621 2391.4551 2390.0121 2388.1518 2386.2878 2384.3451 2382.9546 2381.1295 2379.3592 2377.5739 2375.8696 2374.0236 2372.1243 2370.2250 2368.5587 2366.7576 2365.0801 2363.2797 2361.2287 2359.7964 2357.9028 2355.8701 2354.1644 2352.3255 2350.4762 2348.7242 2347.3299 2345.5683 2343.7664 2341.5957 2340.1297 2338.2740 2336.6378 2334.6383 2332.7255 2331.1912 2329.1538 2327.3995
2431.4372 2429.6045 2427.6073 2426.0626 2424.1938 2422.1027 2420.6434 2418.8638 2416.7956 2415.3157 2413.3428 2411.4697 2409.6840 2408.0661 2405.9956 2404.2610 2402.6259 2400.8509 2398.9233 2397.1083 2395.5600 2393.8153 2392.0034 2390.1000 2388.6172 2386.5736 2384.7602 2382.9299 2381.1740 2379.6741 2377.8943 2375.7702 2374.1134 2372.1353 2370.6940 2368.6756 2367.0653 2365.4124 2363.2134 2361.4557 2359.6956 2357.8096 2356.4416 2354.5272 2352.6791 2350.9375 2349.1240 2347.4597 2345.6058 2343.5833 2341.9060 2340.1366 2338.4706 2336.4449 2334.6542 2332.9639 2331.4503 2329.6177 2327.8341 2325.7836
