Dimension Analysis/Wide/CA-TP3_Gini_0.90/dem_fat.txt
ncols         500
nrows         320
xllcorner     100000
yllcorner     100000
cellsize      10
NODATA_value  -9999
[rows 78 to 103 of 320, columns 180 to 239 of 500]
2160.7084 2159.0484 2157.0399 2155.4498 2153.7345 2152.1647 2150.1731 2148.4744 2147.0858 2145.1349 2143.5649 2142.0599 2140.2964 2138.5472 2136.4680 2134.8867 2133.3892 2131.4893 2129.9655 2128.3360 2126.5174 2124.6101 2123.1820 2121.4415 2119.6962 2118.0524 2116.4481 2114.3599 2113.0483 2111.3687 2109.5428 2107.6172 2106.1173 2104.2054 2102.5883 2101.0713 2099.4677 2097.5990 2095.7527 2094.3879 2092.4065 2090.7254 2089.3315 2087.1364 2085.9204 2083.7475 2082.3961 2080.7765 2078.9450 2077.3558 2075.5972 2073.7511 2072.3008 2070.4673 2068.6970 2067.1235 2065.1961 2063.4963 2061.9531 2060.3566
2158.3679 2156.8954 2155.0479 2153.3684 2151.7663 2149.8791 2148.5084 2146.5344 2144.6801 2143.2720 2141.4204 2139.5204 2138.1950 2136.3030 2134.6627 2132.7251 2131.1379 2129.5509 2127.6087 2126.0018 2124.2338 2122.5168 2121.0353 2119.4441 2117.5620 2115.9557 2114.3960 2112.7256 2110.5440 2109.1795 2107.1524 2105.4916 2104.0972 2102.2636 2100.4245 2098.8933 2096.9119 2095.2933 2093.7817 2091.8657 2090.1205 2088.6313 2086.8174 2085.2779 2083.4575 2081.7767 2079.9462 2078.1843 2076.6760 2075.1060 2073.3658 2071.8068 2069.9783 2068.0102 2066.2446 2064.6632 2063.0356 2061.4331 2059.5300 2057.7343
2156.6523 2154.6022 2152.9675 2151.2268 2149.5383 2148.1482 2146.0492 2144.6596 2142.6393 2140.9836 2139.5337 2137.7107 2135.7785 2134.1184 2132.7039 2130.7406 2129.1911 2127.4550 2125.7387 2123.7957 2122.0804 2120.6459 2118.9224 2117.4355 2115.6695 2113.7998 2111.8879 2110.2260 2108.4948 2106.9364 2105.2443 2103.6879 2101.6421 2099.9665 2098.6485 2096.5461 2094.9168 2093.2995 2091.3827 2089.9310 2088.2485 2086.3955 2084.5752 2082.8633 2081.4528 2079.4588 2078.0974 2076.1455 2074.7163 2072.9869 2071.1457 2069.5679 2067.5138 2066.2032 2064.0179 2062.7009 2061.0082 2059.2435 2057.6405 2055.6522
2154.3854 2152.7889 2151.2039 2149.5163 2147.5358 2145.8947 2144.2623 2142.2609 2140.8232 2139.2562 2137.5693 2135.6946 2133.8342 2131.9910 2130.4784 2128.7897 2127.0796 2125.4912 2123.4375 2121.7195 2120.3542 2118.2852 2116.5731 2115.0455 2113.4604 2111.6199 2109.8356 2108.2034 2106.6979 2104.8857 2103.0533 2101.4051 2099.5428 2097.8222 2096.3061 2094.5047 2092.6757 2091.3074 2089.3091 2087.9570 2086.0023 2084.3671 2082.6623 2080.6860 2079.4033 2077.6415 2075.6578 2074.2505 2072.2494 2070.8575 2069.0379 2067.2480 2065.3382 2064.0196 2062.0105 2060.3920 2058.8465 2056.9475 2055.3070 2053.2912
2152.4907 2150.9148 2149.1253 2147.0479 2145.3447 2143.8255 2142.0927 2140.3383 2138.6059 2137.1502 2135.2161 2133.8161 2132.0652 2130.1687 2128.5871 2126.4775 2124.8507 2123.2727 2121.4350 2119.7006 2118.2101 2116.6319 2114.8672 2113.0787 2111.4635 2109.5793 2107.6877 2106.1134 2104.2276 2102.7060 2101.0562 2099.1289 2097.6104 2095.8781 2094.1502 2092.6254 2090.9596 2088.8101 2087.5310 2085.4670 2084.0224 2082.2345 2080.4656 2078.8191 2077.0546 2075.0684 2073.6010 2071.8740 2070.2078 2068.5529 2066.4854 2064.9069 2063.3893 2061.4033 2059.9025 2058.2215 2056.3886 2054.7774 2053.0732 2051.3198
2150.3838 2148.5248 2146.9129 2145.4133 2143.5160 2141.5975 2140.1673 2138.2915 2136.7289 2134.9329 2133.0930 2131.3578 2129.6985 2128.2798 2126.2709 2124.8333 2122.9533 2121.3352 2119.4210 2118.0187 2116.0415 2114.5063 2112.7905 2110.8419 2109.3003 2107.2742 2105.8859 2103.8680 2102.1840 2100.6770 2098.6780 2097.3690 2095.3105 2093.6378 2092.0985 2090.1583 2088.6227 2086.6080 2085.0147 2083.4412 2081.4896 2080.0852 2078.4899 2076.4612 2074.7888 2072.9017 2071.4313 2069.8992 2068.0602 2066.4488 2064.5790 2062.8104 2060.9763 2059.4636 2057.5062 2056.0825 2054.4106 2052.3438 2051.0074 2049.0583
2148.2101 2146.4531 2145.0431 2143.2431 2141.5763 2139.7742 2138.0386 2136.5215 2134.6475 2132.8985 2131.1710 2129.5882 2127.7867 2126.2141 2124.5166 2122.4082 2120.8568 2119.0338 2117.2339 2115.8355 2113.9156 2112.1208 2110.6744 2108.8859 2107.2927 2105.4996 2103.4106 2101.9063 2099.9904 2098.3487 2096.6145 2095.2200 2093.2937 2091.8109 2089.6972 2088.0442 2086.6311 2084.5602 2082.8806 2081.4624 2079.4086 2077.7087 2076.2653 2074.4777 2072.5592 2070.9509 2069.3139 2067.7344 2065.7973 2064.0054 2062.3883 2060.8096 2058.6828 2057.0310 2055.2262 2053.8298 2051.9382 2050.2849 2048.7558 2047.0926
2146.4417 2144.6027 2143.1187 2141.0625 2139.6520 2137.8253 2135.9350 2134.4756 2132.7392 2130.8088 2129.0924 2127.5009 2125.5693 2123.8499 2122.0209 2120.5543 2118.8986 2117.0510 2115.1577 2113.4967 2111.9892 2110.2036 2108.5495 2106.5894 2104.8608 2103.0767 2101.5536 2099.8122 2097.8415 2096.3902 2094.4543 2092.9381 2091.2673 2089.2733 2087.8751 2086.0262 2084.3577 2082.4492 2081.0794 2079.0913 2077.4610 2075.8668 2073.8095 2072.4140 2070.2436 2068.7889 2066.8134 2065.4438 2063.5432 2061.6305 2059.9397 2058.4994 2056.6847 2055.0869 2053.0044 2051.7683 2049.8918 2047.9659 2046.1012 2044.5729
2144.3239 2142.7598 2140.7779 2139.1728 2137.2531 2135.6139 2133.7397 2132.1679 2130.6958 2128.7693 2127.0091 2125.2707 2123.6012 2121.7455 2120.3308 2118.6594 2116.7798 2115.1592 2113.1201 2111.6025 2109.5832 2107.8536 2106.1409 2104.6924 2102.6827 2101.1093 2099.3168 2097.5684 2096.1971 2094.0553 2092.4088 2090.8047 2088.9746 2087.3764 2085.7605 2083.8109 2082.0466 2080.2700 2078.6979 2077.0711 2075.0240 2073.5331 2071.9033 2070.2726 2068.4387 2066.8304 2064.7488 2062.9129 2061.3966 2059.6792 2057.8174 2056.4732 2054.3794 2052.8495 2051.2068 2049.5574 2047.5804 2046.0973 2044.0063 2042.2356
2142.3988 2140.4025 2138.6928 2137.1859 2135.6444 2133.6059 2131.8592 2130.1390 2128.3193 2126.6370 2125.1306 2123.4707 2121.6739 2119.7122 2118.1361 2116.2658 2114.4928 2112.8691 2111.0247 2109.6518 2107.6526 2106.1037 2104.0280 2102.6289 2100.8408 2099.1730 2097.2040 2095.7096 2093.6267 2091.9602 2090.5024 2088.8835 2086.6936 2085.3044 2083.3032 2081.6556 2079.7583 2078.0259 2076.3751 2074.8239 2073.1635 2071.4919 2069.7527 2067.7709 2066.0652 2064.3082 2062.9185 2060.9146 2059.4107 2057.6211 2055.9608 2054.0632 2052.3674 2050.5234 2048.7338 2046.9691 2045.3093 2043.7208 2042.1588 2040.1044
2140.4456 2138.5482 2137.0064 2135.2718 2133.2993 2131.7852 2130.1175 2128.4060 2126.6676 2124.9032 2122.9440 2121.3775 2119.7191 2117.8252 2116.2622 2114.2955 2112.3158 2110.8882 2109.0832 2107.3784 2105.4645 2103.9338 2102.2348 2100.4791 2098.4470 2097.1280 2095.1739 2093.3295 2091.5634 2090.1782 2088.2548 2086.2869 2084.9764 2083.2041 2081.2881 2079.5261 2077.9754 2076.3578 2074.1420 2072.8120 2070.7756 2069.0257 2067.5905 2065.8520 2064.1370 2062.0012 2060.3904 2058.5531 2056.8870 2055.1271 2053.3391 2051.6744 2050.0314 2048.4220 2046.5315 2044.9778 2043.3387 2041.5328 2039.4720 2037.7319
2138.4193 2136.5755 2134.7411 2132.9218 2131.4299 2129.7064 2127.7301 2126.3513 2124.5315 2122.8120 2120.8374 2119.0250 2117.2559 2115.7005 2113.7411 2112.4106 2110.2353 2108.9282 2106.9900 2105.2144 2103.2768 2101.9371 2100.1013 2098.4078 2096.7174 2094.8139 2093.0331 2091.4211 2089.6629 2088.0035 2086.3192 2084.5370 2082.7158 2081.0386 2079.1538 2077.2335 2075.4761 2073.9752 2072.4331 2070.6591 2068.7001 2067.0191 2065.3550 2063.6504 2061.9238 2060.1368 2058.5330 2056.6339 2054.8530 2053.0109 2051.2808 2049.8187 2047.8683 2046.0232 2044.2675 2042.7189 2040.8851 2039.3212 2037.4164 2035.4957
2136.2068 2134.6111 2132.8296 2130.8398 2129.4139 2127.5068 2125.5776 2124.1043 2122.1233 2120.6560 2118.7730 2117.3033 2115.5987 2113.6041 2111.7951 2110.2169 2108.5735 2106.9021 2105.1445 2103.3079 2101.2040 2099.5342 2097.9968 2096.3822 2094.4341 2092.8652 2090.8531 2088.9952 2087.2837 2085.8820 2084.1607 2082.1353 2080.3353 2078.8517 2076.8997 2075.5094 2073.6619 2071.8974 2070.2834 2068.1082 2066.7668 2064.8192 2062.9098 2061.4887 2059.4670 2057.8894 2056.2342 2054.4956 2052.6609 2051.0380 2049.3383 2047.2055 2045.5237 2043.9581 2042.2083 2040.5280 2038.6163 2036.8870 2035.3003 2033.6712
2134.1691 2132.5076 2130.8576 2129.1117 2127.0978 2125.7045 2123.6101 2122.1878 2120.4995 2118.7463 2116.9837 2115.1990 2113.3511 2111.6682 2109.6254 2108.1535 2106.5430 2104.4079 2102.7396 2101.2843 2099.2075 2097.6637 2096.0305 2093.9201 2092.4352 2090.8295 2088.8807 2087.2649 2085.6155 2083.7237 2082.0163 2079.9306 2078.5580 2076.6848 2074.7428 2073.3381 2071.6278 2069.9159 2067.7379 2066.0594 2064.4359 2062.6076 2060.7273 2059.3088 2057.4170 2055.8239 2054.0184 2052.1207 2050.6883 2048.5716 2047.1065 2045.0924 2043.7358 2041.9050 2039.9036 2038.2572 2036.3703 2034.7388 2033.2552 2031.1780
2132.2006 2130.6747 2128.5890 2126.8439 2124.9811 2123.3043 2121.5718 2120.1153 2118.4145 2116.3122 2114.9534 2112.7632 2111.4549 2109.4064 2107.5610 2105.8668 2104.3102 2102.3249 2100.9511 2099.0246 2097.2437 2095.5271 2093.5498 2092.0339 2090.3061 2088.3095 2086.9737 2085.0862 2083.2646 2081.5686 2079.8196 2078.1444 2076.4490 2074.3809 2072.7749 2070.8025 2069.4763 2067.7340 2065.5977 2064.0324 2062.1293 2060.5893 2058.5888 2056.9361 2055.0802 2053.6659 2051.8697 2050.2968 2048.2884 2046.6661 2045.0435 2043.2066 2041.4041 2039.3414 2038.0478 2036.1586 2034.1115 2032.5509 2030.7145 2028.8720
2130.2947 2128.5910 2126.5164 2125.0031 2122.9558 2121.4763 2119.7666 2117.9819 2116.1627 2114.5516 2112.8990 2110.8855 2109.0809 2107.2805 2105.8853 2103.7917 2102.0523 2100.5323 2098.8271 2097.0507 2094.9565 2093.6326 2091.4831 2090.1119 2088.0700 2086.4121 2084.6577 2082.9618 2081.1590 2079.2282 2077.6259 2075.9207 2074.0345 2072.5224 2070.4811 2068.9841 2067.2232 2065.6109 2063.5105 2062.0245 2060.0559 2058.3972 2056.8564 2055.0735 2053.1899 2051.3507 2049.6118 2048.0880 2046.1503 2044.4085 2042.3734 2040.6505 2039.2517 2037.3732 2035.7632 2033.6603 2032.1965 2030.3099 2028.5684 2026.9121
2128.3273 2126.3422 2124.5255 2122.8690 2121.2293 2119.6067 2117.6659 2115.9691 2114.0060 2112.3103 2110.6980 2108.7746 2107.1374 2105.2952 2103.6284 2101.7844 2100.2412 2098.4717 2096.7863 2094.8019 2092.9361 2091.3830 2089.8064 2087.6622 2086.1403 2084.1907 2082.4498 2080.7034 2079.1987 2077.2919 2075.7293 2073.5287 2072.1158 2070.1451 2068.5018 2066.5283 2065.1867 2063.1905 2061.3047 2059.9614 2057.7843 2056.0608 2054.4671 2052.6564 2050.8163 2049.0307 2047.4050 2045.6074 2043.9636 2042.2615 2040.5985 2038.7294 2037.0651 2035.3486 2033.3464 2031.6642 2029.7673 2028.3564 2026.5531 2024.8148
2126.3687 2124.5284 2122.4422 2121.0533 2119.1218 2117.4142 2115.5650 2113.7889 2112.1571 2110.0774 2108.6588 2106.7865 2104.9166 2103.1009 2101.5784 2099.5250 2098.1239 2096.0554 2094.4105 2092.8335 2090.8293 2089.4462 2087.6932 2085.9561 2084.1082 2082.2437 2080.1930 2078.6268 2076.6678 2074.9309 2073.5876 2071.4282 2069.6747 2068.2465 2066.1768 2064.4583 2063.0098 2061.0609 2059.4638 2057.4095 2055.8321 2054.0204 2052.0665 2050.6572 2048.8821 2046.8693 2045.4844 2043.5772 2041.5865 2040.2320 2038.2639 2036.4104 2034.7185 2033.2006 2030.9908 2029.4072 2027.7697 2026.0426 2024.3805 2022.6285
2124.2590 2122.4484 2120.4097 2118.9281 2116.8920 2115.2073 2113.7274 2112.0373 2110.2712 2108.0969 2106.3728 2104.5278 2102.8811 2101.0810 2099.3926 2097.8190 2096.0021 2094.1735 2092.1886 2090.5463 2088.7620 2086.9521 2085.1762 2083.8178 2081.7625 2080.2666 2078.4030 2076.7030 2074.5563 2073.0918 2071.1833 2069.3157 2067.5768 2065.8107 2064.0899 2062.6426 2060.5507 2058.7795 2057.1995 2055.3290 2053.5017 2051.7397 2049.9912 2048.3792 2046.4556 2044.6959 2042.8771 2041.3537 2039.3412 2037.8842 2036.1678 2034.5030 2032.4493 2030.6999 2028.8218 2027.3018 2025.3425 2023.7012 2022.0381 2019.9772
2122.2410 2120.3698 2118.7643 2116.5550 2115.1785 2113.3427 2111.3579 2109.5794 2107.8677 2106.2036 2104.4481 2102.4727 2100.9043 2099.3138 2097.4010 2095.4079 2093.8894 2092.0312 2090.1601 2088.4768 2086.9818 2085.1507 2083.2640 2081.7298 2079.8978 2077.9053 2076.3506 2074.6417 2072.5326 2071.0711 2069.1206 2067.1813 2065.8331 2063.7206 2062.3151 2060.5229 2058.5190 2056.7672 2055.1177 2053.2623 2051.6462 2049.7370 2048.1843 2046.4445 2044.4519 2042.8202 2041.1583 2039.2176 2037.2836 2035.3953 2033.7008 2032.3115 2030.5341 2028.4056 2026.8169 2025.0823 2023.5093 2021.2659 2019.7480 2017.8307
2120.0152 2118.2889 2116.3034 2114.6405 2112.8374 2111.4637 2109.5958 2107.5457 2105.7455 2103.9535 2102.5815 2100.4352 2098.6777 2097.1267 2095.0736 2093.6634 2091.9905 2089.7852 2088.2074 2086.3230 2084.5492 2083.1165 2080.9772 2079.2810 2077.4802 2076.0306 2074.2387 2072.0934 2070.4463 2068.6942 2067.0985 2065.1905 2063.5393 2061.4971 2059.8146 2058.4208 2056.5537 2054.6570 2053.0265 2050.9902 2049.3621 2047.4275 2045.9535 2043.9893 2042.3013 2040.4953 2038.5768 2037.1618 2035.1789 2033.2193 2031.4453 2030.1294 2027.8976 2026.1201 2024.7856 2023.0492 2020.8785 2019.1508 2017.7307 2015.8022
2117.9891 2116.2160 2114.4600 2112.7640 2111.0038 2109.3486 2107.4425 2105.8850 2103.9754 2101.9486 2100.2757 2098.7986 2096.6570 2095.0066 2093.3178 2091.7122 2089.8642 2088.1106 2086.0479 2084.6376 2082.4470 2081.0328 2079.3182 2077.1445 2075.6347 2073.9782 2071.8231 2070.1206 2068.3907 2066.8175 2065.1331 2062.9037 2061.4499 2059.5621 2057.8542 2056.1827 2054.3158 2052.5212 2050.7528 2048.9349 2047.4240 2045.4896 2043.5207 2041.8835 2040.0139 2038.5588 2036.7405 2034.8338 2033.1379 2031.0310 2029.6776 2027.7182 2025.7579 2024.0328 2022.1623 2020.6368 2018.7871 2017.1242 2015.4818 2013.4545
2115.7837 2114.2865 2112.4674 2110.5976 2109.1215 2107.3197 2105.2878 2103.7819 2101.7667 2100.1756 2098.3719 2096.4851 2094.6635 2093.1923 2090.9595 2089.4372 2087.3901 2086.0428 2083.9746 2082.3266 2080.4671 2078.8008 2077.0055 2075.2257 2073.2906 2071.6761 2069.6598 2068.3594 2066.4030 2064.7678 2062.8491 2061.1666 2059.2198 2057.6367 2055.7377 2054.1412 2051.9605 2050.5855 2048.3754 2046.8028 2044.8090 2043.2962 2041.3558 2039.9194 2038.1003 2036.0581 2034.4357 2032.6544 2030.6923 2029.0488 2027.4269 2025.6542 2023.7092 2021.9157 2020.2461 2018.4560 2016.5012 2015.0448 2012.9179 2011.2857
2114.1733 2112.4695 2110.5421 2108.8278 2106.9485 2105.2310 2103.2034 2101.6001 2099.9697 2098.0336 2096.2104 2094.3748 2092.5162 2091.1083 2089.1418 2087.4940 2085.6982 2083.5475 2081.8486 2080.1675 2078.4978 2076.4817 2074.8397 2072.9172 2071.3634 2069.5978 2067.6109 2065.9805 2064.4640 2062.5883 2060.4363 2058.8746 2057.0267 2055.4771 2053.7786 2051.6577 2049.8818 2048.3888 2046.5185 2044.8012 2042.7623 2040.9156 2039.4237 2037.3300 2035.6641 2033.7951 2032.1421 2030.6702 2028.8198 2026.8216 2025.0865 2023.4304 2021.4700 2019.6180 2018.1030 2016.1195 2014.4996 2012.6014 2011.0210 2009.2771
2111.7811 2110.0782 2108.5004 2106.7855 2104.7460 2102.8259 2101.3313 2099.4651 2097.6166 2096.0188 2094.1046 2092.5967 2090.6241 2088.9229 2087.2351 2085.3337 2083.4938 2081.7871 2079.7356 2078.0521 2076.2533 2074.4470 2072.8996 2071.1000 2069.0816 2067.5483 2065.6885 2064.0923 2062.1586 2060.3628 2058.4286 2056.6494 2055.1424 2053.2250 2051.4536 2049.6085 2048.0369 2046.2065 2044.3175 2042.4816 2040.5565 2039.0318 2036.9951 2035.5770 2033.5848 2031.8045 2029.8083 2028.3923 2026.3892 2024.8473 2023.0371 2020.9487 2019.4766 2017.6368 2015.9330 2014.0299 2012.3349 2010.2058 2008.8600 2006.9298
2109.8045 2108.0589 2106.4109 2104.6849 2102.8669 2101.0961 2099.0132 2097.4291 2095.8656 2094.0324 2092.2075 2090.2899 2088.4362 2086.6197 2085.0808 2083.0370 2081.5261 2079.6739 2077.7175 2075.8329 2074.4234 2072.7035 2070.9238 2068.8895 2066.8777 2065.4583 2063.7806 2062.0171 2059.8843 2058.2511 2056.2396 2054.6848 2052.7579 2051.0973 2049.2168 2047.6412 2045.9383 2043.9935 2042.0720 2040.4776 2038.3341 2036.7833 2035.0173 2032.9693 2031.6097 2029.4632 2027.9929 2025.8394 2024.3206 2022.5762 2020.7387 2018.9692 2017.0604 2015.5957 2013.3934 2011.9289 2010.0138 2008.1013 2006.4203 2004.5014
