Dimension Analysis/Long/CA-TP3_Gini_0.90/dem_long_bed.txt
ncols         320
nrows         500
xllcorner     100000
yllcorner     100000
cellsize      10
NODATA_value  -9999
[rows 156 to 181 of 500, columns 240 to 299 of 320]
2328.7000 2330.2000 2331.6000 2333.1000 2334.5000 2336.0000 2337.4000 2338.9000 2340.3000 2341.7000 2343.2000 2344.6000 2346.1000 2347.5000 2349.0000 2350.4000 2351.9000 2353.3000 2354.8000 2356.2000 2357.6000 2359.1000 2360.5000 2362.0000 2363.4000 2364.9000 2366.3000 2367.8000 2369.2000 2370.6000 2372.1000 2373.5000 2375.0000 2376.4000 2377.9000 2379.3000 2380.8000 2382.2000 2383.7000 2385.1000 2386.5000 2388.0000 2389.4000 2390.9000 2392.3000 2393.8000 2395.2000 2396.7000 2398.1000 2399.6000 2401.0000 2402.4000 2403.9000 2405.3000 2406.8000 2408.2000 2409.7000 2411.1000 2412.6000 2414.0000
2326.6000 2328.1000 2329.5000 2331.0000 2332.4000 2333.9000 2335.3000 2336.8000 2338.2000 2339.7000 2341.1000 2342.6000 2344.0000 2345.5000 2346.9000 2348.4000 2349.8000 2351.3000 2352.7000 2354.2000 2355.6000 2357.1000 2358.5000 2360.0000 2361.4000 2362.9000 2364.3000 2365.8000 2367.2000 2368.7000 2370.1000 2371.6000 2373.0000 2374.5000 2375.9000 2377.3000 2378.8000 2380.2000 2381.7000 2383.1000 2384.6000 2386.0000 2387.5000 2388.9000 2390.4000 2391.8000 2393.3000 2394.7000 2396.2000 2397.6000 2399.1000 2400.5000 2402.0000 2403.4000 2404.9000 2406.3000 2407.8000 2409.2000 2410.7000 2412.1000
2324.6000 2326.0000 2327.5000 2328.9000 2330.4000 2331.8000 2333.3000 2334.7000 2336.2000 2337.6000 2339.1000 2340.5000 2342.0000 2343.4000 2344.9000 2346.3000 2347.8000 2349.2000 2350.7000 2352.1000 2353.6000 2355.0000 2356.5000 2358.0000 2359.4000 2360.9000 2362.3000 2363.8000 2365.2000 2366.7000 2368.1000 2369.6000 2371.0000 2372.5000 2373.9000 2375.4000 2376.8000 2378.3000 2379.7000 2381.2000 2382.6000 2384.1000 2385.5000 2387.0000 2388.4000 2389.9000 2391.4000 2392.8000 2394.3000 2395.7000 2397.2000 2398.6000 2400.1000 2401.5000 2403.0000 2404.4000 2405.9000 2407.3000 2408.8000 2410.2000
2322.5000 2323.9000 2325.4000 2326.8000 2328.3000 2329.7000 2331.2000 2332.7000 2334.1000 2335.6000 2337.0000 2338.5000 2339.9000 2341.4000 2342.8000 2344.3000 2345.8000 2347.2000 2348.7000 2350.1000 2351.6000 2353.0000 2354.5000 2355.9000 2357.4000 2358.9000 2360.3000 2361.8000 2363.2000 2364.7000 2366.1000 2367.6000 2369.0000 2370.5000 2372.0000 2373.4000 2374.9000 2376.3000 2377.8000 2379.2000 2380.7000 2382.1000 2383.6000 2385.1000 2386.5000 2388.0000 2389.4000 2390.9000 2392.3000 2393.8000 2395.2000 2396.7000 2398.2000 2399.6000 2401.1000 2402.5000 2404.0000 2405.4000 2406.9000 2408.3000
2320.4000 2321.8000 2323.3000 2324.7000 2326.2000 2327.7000 2329.1000 2330.6000 2332.0000 2333.5000 2335.0000 2336.4000 2337.9000 2339.3000 2340.8000 2342.3000 2343.7000 2345.2000 2346.6000 2348.1000 2349.6000 2351.0000 2352.5000 2353.9000 2355.4000 2356.9000 2358.3000 2359.8000 2361.2000 2362.7000 2364.1000 2365.6000 2367.1000 2368.5000 2370.0000 2371.4000 2372.9000 2374.4000 2375.8000 2377.3000 2378.7000 2380.2000 2381.7000 2383.1000 2384.6000 2386.0000 2387.5000 2389.0000 2390.4000 2391.9000 2393.3000 2394.8000 2396.2000 2397.7000 2399.2000 2400.6000 2402.1000 2403.5000 2405.0000 2406.5000
2318.3000 2319.7000 2321.2000 2322.7000 2324.1000 2325.6000 2327.1000 2328.5000 2330.0000 2331.4000 2332.9000 2334.4000 2335.8000 2337.3000 2338.8000 2340.2000 2341.7000 2343.1000 2344.6000 2346.1000 2347.5000 2349.0000 2350.5000 2351.9000 2353.4000 2354.8000 2356.3000 2357.8000 2359.2000 2360.7000 2362.2000 2363.6000 2365.1000 2366.5000 2368.0000 2369.5000 2370.9000 2372.4000 2373.9000 2375.3000 2376.8000 2378.2000 2379.7000 2381.2000 2382.6000 2384.1000 2385.6000 2387.0000 2388.5000 2389.9000 2391.4000 2392.9000 2394.3000 2395.8000 2397.3000 2398.7000 2400.2000 2401.7000 2403.1000 2404.6000
2316.2000 2317.7000 2319.1000 2320.6000 2322.1000 2323.5000 2325.0000 2326.5000 2327.9000 2329.4000 2330.8000 2332.3000 2333.8000 2335.2000 2336.7000 2338.2000 2339.6000 2341.1000 2342.6000 2344.0000 2345.5000 2347.0000 2348.4000 2349.9000 2351.4000 2352.8000 2354.3000 2355.8000 2357.2000 2358.7000 2360.2000 2361.6000 2363.1000 2364.6000 2366.0000 2367.5000 2369.0000 2370.4000 2371.9000 2373.4000 2374.8000 2376.3000 2377.8000 2379.2000 2380.7000 2382.2000 2383.6000 2385.1000 2386.6000 2388.0000 2389.5000 2391.0000 2392.4000 2393.9000 2395.4000 2396.8000 2398.3000 2399.8000 2401.2000 2402.7000
2314.1000 2315.6000 2317.0000 2318.5000 2320.0000 2321.4000 2322.9000 2324.4000 2325.9000 2327.3000 2328.8000 2330.3000 2331.7000 2333.2000 2334.7000 2336.1000 2337.6000 2339.1000 2340.6000 2342.0000 2343.5000 2345.0000 2346.4000 2347.9000 2349.4000 2350.8000 2352.3000 2353.8000 2355.2000 2356.7000 2358.2000 2359.7000 2361.1000 2362.6000 2364.1000 2365.5000 2367.0000 2368.5000 2369.9000 2371.4000 2372.9000 2374.4000 2375.8000 2377.3000 2378.8000 2380.2000 2381.7000 2383.2000 2384.6000 2386.1000 2387.6000 2389.0000 2390.5000 2392.0000 2393.5000 2394.9000 2396.4000 2397.9000 2399.3000 2400.8000
2312.0000 2313.5000 2315.0000 2316.4000 2317.9000 2319.4000 2320.8000 2322.3000 2323.8000 2325.3000 2326.7000 2328.2000 2329.7000 2331.2000 2332.6000 2334.1000 2335.6000 2337.0000 2338.5000 2340.0000 2341.5000 2342.9000 2344.4000 2345.9000 2347.4000 2348.8000 2350.3000 2351.8000 2353.3000 2354.7000 2356.2000 2357.7000 2359.1000 2360.6000 2362.1000 2363.6000 2365.0000 2366.5000 2368.0000 2369.5000 2370.9000 2372.4000 2373.9000 2375.3000 2376.8000 2378.3000 2379.8000 2381.2000 2382.7000 2384.2000 2385.7000 2387.1000 2388.6000 2390.1000 2391.6000 2393.0000 2394.5000 2396.0000 2397.4000 2398.9000
2309.9000 2311.4000 2312.9000 2314.3000 2315.8000 2317.3000 2318.8000 2320.3000 2321.7000 2323.2000 2324.7000 2326.2000 2327.6000 2329.1000 2330.6000 2332.1000 2333.5000 2335.0000 2336.5000 2338.0000 2339.4000 2340.9000 2342.4000 2343.9000 2345.4000 2346.8000 2348.3000 2349.8000 2351.3000 2352.7000 2354.2000 2355.7000 2357.2000 2358.6000 2360.1000 2361.6000 2363.1000 2364.5000 2366.0000 2367.5000 2369.0000 2370.5000 2371.9000 2373.4000 2374.9000 2376.4000 2377.8000 2379.3000 2380.8000 2382.3000 2383.7000 2385.2000 2386.7000 2388.2000 2389.7000 2391.1000 2392.6000 2394.1000 2395.6000 2397.0000
2307.8000 2309.3000 2310.8000 2312.3000 2313.7000 2315.2000 2316.7000 2318.2000 2319.7000 2321.1000 2322.6000 2324.1000 2325.6000 2327.1000 2328.5000 2330.0000 2331.5000 2333.0000 2334.5000 2335.9000 2337.4000 2338.9000 2340.4000 2341.9000 2343.3000 2344.8000 2346.3000 2347.8000 2349.3000 2350.7000 2352.2000 2353.7000 2355.2000 2356.7000 2358.1000 2359.6000 2361.1000 2362.6000 2364.1000 2365.5000 2367.0000 2368.5000 2370.0000 2371.5000 2372.9000 2374.4000 2375.9000 2377.4000 2378.9000 2380.3000 2381.8000 2383.3000 2384.8000 2386.3000 2387.7000 2389.2000 2390.7000 2392.2000 2393.7000 2395.1000
2305.7000 2307.2000 2308.7000 2310.2000 2311.7000 2313.1000 2314.6000 2316.1000 2317.6000 2319.1000 2320.6000 2322.1000 2323.5000 2325.0000 2326.5000 2328.0000 2329.5000 2331.0000 2332.4000 2333.9000 2335.4000 2336.9000 2338.4000 2339.9000 2341.3000 2342.8000 2344.3000 2345.8000 2347.3000 2348.8000 2350.2000 2351.7000 2353.2000 2354.7000 2356.2000 2357.7000 2359.1000 2360.6000 2362.1000 2363.6000 2365.1000 2366.6000 2368.0000 2369.5000 2371.0000 2372.5000 2374.0000 2375.5000 2376.9000 2378.4000 2379.9000 2381.4000 2382.9000 2384.4000 2385.8000 2387.3000 2388.8000 2390.3000 2391.8000 2393.3000
2303.6000 2305.1000 2306.6000 2308.1000 2309.6000 2311.1000 2312.6000 2314.0000 2315.5000 2317.0000 2318.5000 2320.0000 2321.5000 2323.0000 2324.5000 2325.9000 2327.4000 2328.9000 2330.4000 2331.9000 2333.4000 2334.9000 2336.4000 2337.8000 2339.3000 2340.8000 2342.3000 2343.8000 2345.3000 2346.8000 2348.3000 2349.7000 2351.2000 2352.7000 2354.2000 2355.7000 2357.2000 2358.7000 2360.1000 2361.6000 2363.1000 2364.6000 2366.1000 2367.6000 2369.1000 2370.6000 2372.0000 2373.5000 2375.0000 2376.5000 2378.0000 2379.5000 2381.0000 2382.5000 2383.9000 2385.4000 2386.9000 2388.4000 2389.9000 2391.4000
2301.5000 2303.0000 2304.5000 2306.0000 2307.5000 2309.0000 2310.5000 2312.0000 2313.5000 2315.0000 2316.5000 2317.9000 2319.4000 2320.9000 2322.4000 2323.9000 2325.4000 2326.9000 2328.4000 2329.9000 2331.4000 2332.8000 2334.3000 2335.8000 2337.3000 2338.8000 2340.3000 2341.8000 2343.3000 2344.8000 2346.3000 2347.8000 2349.2000 2350.7000 2352.2000 2353.7000 2355.2000 2356.7000 2358.2000 2359.7000 2361.2000 2362.7000 2364.2000 2365.6000 2367.1000 2368.6000 2370.1000 2371.6000 2373.1000 2374.6000 2376.1000 2377.6000 2379.1000 2380.5000 2382.0000 2383.5000 2385.0000 2386.5000 2388.0000 2389.5000
2299.5000 2301.0000 2302.4000 2303.9000 2305.4000 2306.9000 2308.4000 2309.9000 2311.4000 2312.9000 2314.4000 2315.9000 2317.4000 2318.9000 2320.4000 2321.9000 2323.4000 2324.9000 2326.3000 2327.8000 2329.3000 2330.8000 2332.3000 2333.8000 2335.3000 2336.8000 2338.3000 2339.8000 2341.3000 2342.8000 2344.3000 2345.8000 2347.3000 2348.8000 2350.3000 2351.7000 2353.2000 2354.7000 2356.2000 2357.7000 2359.2000 2360.7000 2362.2000 2363.7000 2365.2000 2366.7000 2368.2000 2369.7000 2371.2000 2372.7000 2374.2000 2375.7000 2377.1000 2378.6000 2380.1000 2381.6000 2383.1000 2384.6000 2386.1000 2387.6000
2297.4000 2298.9000 2300.4000 2301.9000 2303.4000 2304.9000 2306.4000 2307.8000 2309.3000 2310.8000 2312.3000 2313.8000 2315.3000 2316.8000 2318.3000 2319.8000 2321.3000 2322.8000 2324.3000 2325.8000 2327.3000 2328.8000 2330.3000 2331.8000 2333.3000 2334.8000 2336.3000 2337.8000 2339.3000 2340.8000 2342.3000 2343.8000 2345.3000 2346.8000 2348.3000 2349.8000 2351.3000 2352.8000 2354.3000 2355.8000 2357.3000 2358.8000 2360.3000 2361.8000 2363.3000 2364.8000 2366.3000 2367.7000 2369.2000 2370.7000 2372.2000 2373.7000 2375.2000 2376.7000 2378.2000 2379.7000 2381.2000 2382.7000 2384.2000 2385.7000
2295.3000 2296.8000 2298.3000 2299.8000 2301.3000 2302.8000 2304.3000 2305.8000 2307.3000 2308.8000 2310.3000 2311.8000 2313.3000 2314.8000 2316.3000 2317.8000 2319.3000 2320.8000 2322.3000 2323.8000 2325.3000 2326.8000 2328.3000 2329.8000 2331.3000 2332.8000 2334.3000 2335.8000 2337.3000 2338.8000 2340.3000 2341.8000 2343.3000 2344.8000 2346.3000 2347.8000 2349.3000 2350.8000 2352.3000 2353.8000 2355.3000 2356.8000 2358.3000 2359.8000 2361.3000 2362.8000 2364.3000 2365.8000 2367.3000 2368.8000 2370.3000 2371.8000 2373.3000 2374.8000 2376.3000 2377.8000 2379.3000 2380.8000 2382.3000 2383.8000
2293.2000 2294.7000 2296.2000 2297.7000 2299.2000 2300.7000 2302.2000 2303.7000 2305.2000 2306.7000 2308.2000 2309.7000 2311.2000 2312.7000 2314.2000 2315.8000 2317.3000 2318.8000 2320.3000 2321.8000 2323.3000 2324.8000 2326.3000 2327.8000 2329.3000 2330.8000 2332.3000 2333.8000 2335.3000 2336.8000 2338.3000 2339.8000 2341.3000 2342.8000 2344.3000 2345.8000 2347.3000 2348.8000 2350.4000 2351.9000 2353.4000 2354.9000 2356.4000 2357.9000 2359.4000 2360.9000 2362.4000 2363.9000 2365.4000 2366.9000 2368.4000 2369.9000 2371.4000 2372.9000 2374.4000 2375.9000 2377.4000 2378.9000 2380.4000 2381.9000
2291.1000 2292.6000 2294.1000 2295.6000 2297.1000 2298.6000 2300.1000 2301.6000 2303.2000 2304.7000 2306.2000 2307.7000 2309.2000 2310.7000 2312.2000 2313.7000 2315.2000 2316.7000 2318.2000 2319.7000 2321.3000 2322.8000 2324.3000 2325.8000 2327.3000 2328.8000 2330.3000 2331.8000 2333.3000 2334.8000 2336.3000 2337.8000 2339.3000 2340.9000 2342.4000 2343.9000 2345.4000 2346.9000 2348.4000 2349.9000 2351.4000 2352.9000 2354.4000 2355.9000 2357.4000 2359.0000 2360.5000 2362.0000 2363.5000 2365.0000 2366.5000 2368.0000 2369.5000 2371.0000 2372.5000 2374.0000 2375.5000 2377.0000 2378.6000 2380.1000
2289.0000 2290.5000 2292.0000 2293.5000 2295.0000 2296.6000 2298.1000 2299.6000 2301.1000 2302.6000 2304.1000 2305.6000 2307.1000 2308.6000 2310.2000 2311.7000 2313.2000 2314.7000 2316.2000 2317.7000 2319.2000 2320.7000 2322.3000 2323.8000 2325.3000 2326.8000 2328.3000 2329.8000 2331.3000 2332.8000 2334.3000 2335.9000 2337.4000 2338.9000 2340.4000 2341.9000 2343.4000 2344.9000 2346.4000 2347.9000 2349.5000 2351.0000 2352.5000 2354.0000 2355.5000 2357.0000 2358.5000 2360.0000 2361.6000 2363.1000 2364.6000 2366.1000 2367.6000 2369.1000 2370.6000 2372.1000 2373.6000 2375.2000 2376.7000 2378.2000
2286.9000 2288.4000 2289.9000 2291.5000 2293.0000 2294.5000 2296.0000 2297.5000 2299.0000 2300.5000 2302.1000 2303.6000 2305.1000 2306.6000 2308.1000 2309.6000 2311.1000 2312.7000 2314.2000 2315.7000 2317.2000 2318.7000 2320.2000 2321.8000 2323.3000 2324.8000 2326.3000 2327.8000 2329.3000 2330.8000 2332.4000 2333.9000 2335.4000 2336.9000 2338.4000 2339.9000 2341.4000 2343.0000 2344.5000 2346.0000 2347.5000 2349.0000 2350.5000 2352.1000 2353.6000 2355.1000 2356.6000 2358.1000 2359.6000 2361.1000 2362.7000 2364.2000 2365.7000 2367.2000 2368.7000 2370.2000 2371.7000 2373.3000 2374.8000 2376.3000
2284.8000 2286.3000 2287.9000 2289.4000 2290.9000 2292.4000 2293.9000 2295.4000 2297.0000 2298.5000 2300.0000 2301.5000 2303.0000 2304.6000 2306.1000 2307.6000 2309.1000 2310.6000 2312.1000 2313.7000 2315.2000 2316.7000 2318.2000 2319.7000 2321.3000 2322.8000 2324.3000 2325.8000 2327.3000 2328.9000 2330.4000 2331.9000 2333.4000 2334.9000 2336.4000 2338.0000 2339.5000 2341.0000 2342.5000 2344.0000 2345.6000 2347.1000 2348.6000 2350.1000 2351.6000 2353.1000 2354.7000 2356.2000 2357.7000 2359.2000 2360.7000 2362.3000 2363.8000 2365.3000 2366.8000 2368.3000 2369.9000 2371.4000 2372.9000 2374.4000
2282.7000 2284.2000 2285.8000 2287.3000 2288.8000 2290.3000 2291.9000 2293.4000 2294.9000 2296.4000 2297.9000 2299.5000 2301.0000 2302.5000 2304.0000 2305.6000 2307.1000 2308.6000 2310.1000 2311.6000 2313.2000 2314.7000 2316.2000 2317.7000 2319.3000 2320.8000 2322.3000 2323.8000 2325.3000 2326.9000 2328.4000 2329.9000 2331.4000 2333.0000 2334.5000 2336.0000 2337.5000 2339.0000 2340.6000 2342.1000 2343.6000 2345.1000 2346.6000 2348.2000 2349.7000 2351.2000 2352.7000 2354.3000 2355.8000 2357.3000 2358.8000 2360.3000 2361.9000 2363.4000 2364.9000 2366.4000 2368.0000 2369.5000 2371.0000 2372.5000
2280.6000 2282.2000 2283.7000 2285.2000 2286.7000 2288.3000 2289.8000 2291.3000 2292.8000 2294.4000 2295.9000 2297.4000 2298.9000 2300.5000 2302.0000 2303.5000 2305.0000 2306.6000 2308.1000 2309.6000 2311.1000 2312.7000 2314.2000 2315.7000 2317.2000 2318.8000 2320.3000 2321.8000 2323.3000 2324.9000 2326.4000 2327.9000 2329.4000 2331.0000 2332.5000 2334.0000 2335.6000 2337.1000 2338.6000 2340.1000 2341.7000 2343.2000 2344.7000 2346.2000 2347.8000 2349.3000 2350.8000 2352.3000 2353.9000 2355.4000 2356.9000 2358.4000 2360.0000 2361.5000 2363.0000 2364.5000 2366.1000 2367.6000 2369.1000 2370.6000
2278.5000 2280.1000 2281.6000 2283.1000 2284.7000 2286.2000 2287.7000 2289.2000 2290.8000 2292.3000 2293.8000 2295.4000 2296.9000 2298.4000 2299.9000 2301.5000 2303.0000 2304.5000 2306.1000 2307.6000 2309.1000 2310.7000 2312.2000 2313.7000 2315.2000 2316.8000 2318.3000 2319.8000 2321.4000 2322.9000 2324.4000 2325.9000 2327.5000 2329.0000 2330.5000 2332.1000 2333.6000 2335.1000 2336.6000 2338.2000 2339.7000 2341.2000 2342.8000 2344.3000 2345.8000 2347.3000 2348.9000 2350.4000 2351.9000 2353.5000 2355.0000 2356.5000 2358.0000 2359.6000 2361.1000 2362.6000 2364.2000 2365.7000 2367.2000 2368.7000
2276.5000 2278.0000 2279.5000 2281.0000 2282.6000 2284.1000 2285.6000 2287.2000 2288.7000 2290.2000 2291.8000 2293.3000 2294.8000 2296.4000 2297.9000 2299.4000 2301.0000 2302.5000 2304.0000 2305.6000 2307.1000 2308.6000 2310.2000 2311.7000 2313.2000 2314.8000 2316.3000 2317.8000 2319.4000 2320.9000 2322.4000 2324.0000 2325.5000 2327.0000 2328.6000 2330.1000 2331.6000 2333.2000 2334.7000 2336.2000 2337.7000 2339.3000 2340.8000 2342.3000 2343.9000 2345.4000 2346.9000 2348.5000 2350.0000 2351.5000 2353.1000 2354.6000 2356.1000 2357.7000 2359.2000 2360.7000 2362.3000 2363.8000 2365.3000 2366.9000
