Dimension Analysis/Long/CA-TP3_Gini_0.90/dem_long_bed.txt
ncols         320
nrows         500
xllcorner     100000
yllcorner     100000
cellsize      10
NODATA_value  -9999
[rows 208 to 233 of 500, columns 180 to 239 of 320]
2122.4000 2124.0000 2125.6000 2127.3000 2128.9000 2130.5000 2132.1000 2133.8000 2135.4000 2137.0000 2138.6000 2140.3000 2141.9000 2143.5000 2145.2000 2146.8000 2148.4000 2150.0000 2151.7000 2153.3000 2154.9000 2156.5000 2158.2000 2159.8000 2161.4000 2163.0000 2164.7000 2166.3000 2167.9000 2169.6000 2171.2000 2172.8000 2174.4000 2176.1000 2177.7000 2179.3000 2180.9000 2182.6000 2184.2000 2185.8000 2187.4000 2189.1000 2190.7000 2192.3000 2194.0000 2195.6000 2197.2000 2198.8000 2200.5000 2202.1000 2203.7000 2205.3000 2207.0000 2208.6000 2210.2000 2211.8000 2213.5000 2215.1000 2216.7000 2218.4000
2120.1000 2121.7000 2123.3000 2125.0000 2126.6000 2128.2000 2129.9000 2131.5000 2133.1000 2134.8000 2136.4000 2138.0000 2139.6000 2141.3000 2142.9000 2144.5000 2146.2000 2147.8000 2149.4000 2151.1000 2152.7000 2154.3000 2155.9000 2157.6000 2159.2000 2160.8000 2162.5000 2164.1000 2165.7000 2167.4000 2169.0000 2170.6000 2172.2000 2173.9000 2175.5000 2177.1000 2178.8000 2180.4000 2182.0000 2183.7000 2185.3000 2186.9000 2188.5000 2190.2000 2191.8000 2193.4000 2195.1000 2196.7000 2198.3000 2200.0000 2201.6000 2203.2000 2204.8000 2206.5000 2208.1000 2209.7000 2211.4000 2213.0000 2214.6000 2216.3000
2117.8000 2119.4000 2121.0000 2122.7000 2124.3000 2125.9000 2127.6000 2129.2000 2130.9000 2132.5000 2134.1000 2135.8000 2137.4000 2139.0000 2140.7000 2142.3000 2143.9000 2145.6000 2147.2000 2148.8000 2150.5000 2152.1000 2153.7000 2155.4000 2157.0000 2158.6000 2160.3000 2161.9000 2163.5000 2165.2000 2166.8000 2168.4000 2170.1000 2171.7000 2173.3000 2175.0000 2176.6000 2178.2000 2179.9000 2181.5000 2183.1000 2184.8000 2186.4000 2188.0000 2189.7000 2191.3000 2192.9000 2194.6000 2196.2000 2197.8000 2199.5000 2201.1000 2202.7000 2204.4000 2206.0000 2207.6000 2209.3000 2210.9000 2212.5000 2214.2000
2115.5000 2117.1000 2118.8000 2120.4000 2122.0000 2123.7000 2125.3000 2126.9000 2128.6000 2130.2000 2131.9000 2133.5000 2135.1000 2136.8000 2138.4000 2140.0000 2141.7000 2143.3000 2144.9000 2146.6000 2148.2000 2149.9000 2151.5000 2153.1000 2154.8000 2156.4000 2158.0000 2159.7000 2161.3000 2163.0000 2164.6000 2166.2000 2167.9000 2169.5000 2171.1000 2172.8000 2174.4000 2176.1000 2177.7000 2179.3000 2181.0000 2182.6000 2184.2000 2185.9000 2187.5000 2189.2000 2190.8000 2192.4000 2194.1000 2195.7000 2197.3000 2199.0000 2200.6000 2202.2000 2203.9000 2205.5000 2207.2000 2208.8000 2210.4000 2212.1000
2113.2000 2114.8000 2116.5000 2118.1000 2119.7000 2121.4000 2123.0000 2124.7000 2126.3000 2127.9000 2129.6000 2131.2000 2132.9000 2134.5000 2136.1000 2137.8000 2139.4000 2141.1000 2142.7000 2144.4000 2146.0000 2147.6000 2149.3000 2150.9000 2152.6000 2154.2000 2155.8000 2157.5000 2159.1000 2160.8000 2162.4000 2164.0000 2165.7000 2167.3000 2169.0000 2170.6000 2172.2000 2173.9000 2175.5000 2177.2000 2178.8000 2180.4000 2182.1000 2183.7000 2185.4000 2187.0000 2188.6000 2190.3000 2191.9000 2193.6000 2195.2000 2196.9000 2198.5000 2200.1000 2201.8000 2203.4000 2205.1000 2206.7000 2208.3000 2210.0000
2110.9000 2112.5000 2114.2000 2115.8000 2117.5000 2119.1000 2120.7000 2122.4000 2124.0000 2125.7000 2127.3000 2129.0000 2130.6000 2132.3000 2133.9000 2135.5000 2137.2000 2138.8000 2140.5000 2142.1000 2143.8000 2145.4000 2147.0000 2148.7000 2150.3000 2152.0000 2153.6000 2155.3000 2156.9000 2158.6000 2160.2000 2161.8000 2163.5000 2165.1000 2166.8000 2168.4000 2170.1000 2171.7000 2173.4000 2175.0000 2176.6000 2178.3000 2179.9000 2181.6000 2183.2000 2184.9000 2186.5000 2188.2000 2189.8000 2191.4000 2193.1000 2194.7000 2196.4000 2198.0000 2199.7000 2201.3000 2202.9000 2204.6000 2206.2000 2207.9000
2108.6000 2110.2000 2111.9000 2113.5000 2115.2000 2116.8000 2118.5000 2120.1000 2121.8000 2123.4000 2125.1000 2126.7000 2128.3000 2130.0000 2131.6000 2133.3000 2134.9000 2136.6000 2138.2000 2139.9000 2141.5000 2143.2000 2144.8000 2146.5000 2148.1000 2149.8000 2151.4000 2153.1000 2154.7000 2156.4000 2158.0000 2159.7000 2161.3000 2162.9000 2164.6000 2166.2000 2167.9000 2169.5000 2171.2000 2172.8000 2174.5000 2176.1000 2177.8000 2179.4000 2181.1000 2182.7000 2184.4000 2186.0000 2187.7000 2189.3000 2191.0000 2192.6000 2194.3000 2195.9000 2197.5000 2199.2000 2200.8000 2202.5000 2204.1000 2205.8000
2106.3000 2107.9000 2109.6000 2111.2000 2112.9000 2114.5000 2116.2000 2117.8000 2119.5000 2121.1000 2122.8000 2124.4000 2126.1000 2127.7000 2129.4000 2131.0000 2132.7000 2134.3000 2136.0000 2137.6000 2139.3000 2140.9000 2142.6000 2144.3000 2145.9000 2147.6000 2149.2000 2150.9000 2152.5000 2154.2000 2155.8000 2157.5000 2159.1000 2160.8000 2162.4000 2164.1000 2165.7000 2167.4000 2169.0000 2170.7000 2172.3000 2174.0000 2175.6000 2177.3000 2178.9000 2180.6000 2182.2000 2183.9000 2185.5000 2187.2000 2188.8000 2190.5000 2192.1000 2193.8000 2195.4000 2197.1000 2198.7000 2200.4000 2202.0000 2203.7000
2104.0000 2105.6000 2107.3000 2108.9000 2110.6000 2112.2000 2113.9000 2115.6000 2117.2000 2118.9000 2120.5000 2122.2000 2123.8000 2125.5000 2127.1000 2128.8000 2130.4000 2132.1000 2133.8000 2135.4000 2137.1000 2138.7000 2140.4000 2142.0000 2143.7000 2145.3000 2147.0000 2148.6000 2150.3000 2152.0000 2153.6000 2155.3000 2156.9000 2158.6000 2160.2000 2161.9000 2163.5000 2165.2000 2166.8000 2168.5000 2170.2000 2171.8000 2173.5000 2175.1000 2176.8000 2178.4000 2180.1000 2181.7000 2183.4000 2185.1000 2186.7000 2188.4000 2190.0000 2191.7000 2193.3000 2195.0000 2196.6000 2198.3000 2199.9000 2201.6000
2101.7000 2103.3000 2105.0000 2106.6000 2108.3000 2110.0000 2111.6000 2113.3000 2114.9000 2116.6000 2118.3000 2119.9000 2121.6000 2123.2000 2124.9000 2126.5000 2128.2000 2129.9000 2131.5000 2133.2000 2134.8000 2136.5000 2138.2000 2139.8000 2141.5000 2143.1000 2144.8000 2146.4000 2148.1000 2149.8000 2151.4000 2153.1000 2154.7000 2156.4000 2158.0000 2159.7000 2161.4000 2163.0000 2164.7000 2166.3000 2168.0000 2169.7000 2171.3000 2173.0000 2174.6000 2176.3000 2177.9000 2179.6000 2181.3000 2182.9000 2184.6000 2186.2000 2187.9000 2189.6000 2191.2000 2192.9000 2194.5000 2196.2000 2197.8000 2199.5000
2099.4000 2101.0000 2102.7000 2104.4000 2106.0000 2107.7000 2109.3000 2111.0000 2112.7000 2114.3000 2116.0000 2117.7000 2119.3000 2121.0000 2122.6000 2124.3000 2126.0000 2127.6000 2129.3000 2130.9000 2132.6000 2134.3000 2135.9000 2137.6000 2139.3000 2140.9000 2142.6000 2144.2000 2145.9000 2147.6000 2149.2000 2150.9000 2152.5000 2154.2000 2155.9000 2157.5000 2159.2000 2160.9000 2162.5000 2164.2000 2165.8000 2167.5000 2169.2000 2170.8000 2172.5000 2174.1000 2175.8000 2177.5000 2179.1000 2180.8000 2182.5000 2184.1000 2185.8000 2187.4000 2189.1000 2190.8000 2192.4000 2194.1000 2195.7000 2197.4000
2097.1000 2098.7000 2100.4000 2102.1000 2103.7000 2105.4000 2107.1000 2108.7000 2110.4000 2112.1000 2113.7000 2115.4000 2117.1000 2118.7000 2120.4000 2122.0000 2123.7000 2125.4000 2127.0000 2128.7000 2130.4000 2132.0000 2133.7000 2135.4000 2137.0000 2138.7000 2140.4000 2142.0000 2143.7000 2145.4000 2147.0000 2148.7000 2150.4000 2152.0000 2153.7000 2155.4000 2157.0000 2158.7000 2160.3000 2162.0000 2163.7000 2165.3000 2167.0000 2168.7000 2170.3000 2172.0000 2173.7000 2175.3000 2177.0000 2178.7000 2180.3000 2182.0000 2183.7000 2185.3000 2187.0000 2188.7000 2190.3000 2192.0000 2193.6000 2195.3000
2094.8000 2096.4000 2098.1000 2099.8000 2101.4000 2103.1000 2104.8000 2106.5000 2108.1000 2109.8000 2111.5000 2113.1000 2114.8000 2116.5000 2118.1000 2119.8000 2121.5000 2123.1000 2124.8000 2126.5000 2128.1000 2129.8000 2131.5000 2133.1000 2134.8000 2136.5000 2138.2000 2139.8000 2141.5000 2143.2000 2144.8000 2146.5000 2148.2000 2149.8000 2151.5000 2153.2000 2154.8000 2156.5000 2158.2000 2159.8000 2161.5000 2163.2000 2164.9000 2166.5000 2168.2000 2169.9000 2171.5000 2173.2000 2174.9000 2176.5000 2178.2000 2179.9000 2181.5000 2183.2000 2184.9000 2186.5000 2188.2000 2189.9000 2191.5000 2193.2000
2092.5000 2094.1000 2095.8000 2097.5000 2099.2000 2100.8000 2102.5000 2104.2000 2105.8000 2107.5000 2109.2000 2110.9000 2112.5000 2114.2000 2115.9000 2117.6000 2119.2000 2120.9000 2122.6000 2124.2000 2125.9000 2127.6000 2129.3000 2130.9000 2132.6000 2134.3000 2135.9000 2137.6000 2139.3000 2141.0000 2142.6000 2144.3000 2146.0000 2147.6000 2149.3000 2151.0000 2152.7000 2154.3000 2156.0000 2157.7000 2159.4000 2161.0000 2162.7000 2164.4000 2166.0000 2167.7000 2169.4000 2171.1000 2172.7000 2174.4000 2176.1000 2177.7000 2179.4000 2181.1000 2182.8000 2184.4000 2186.1000 2187.8000 2189.4000 2191.1000
2090.2000 2091.8000 2093.5000 2095.2000 2096.9000 2098.5000 2100.2000 2101.9000 2103.6000 2105.3000 2106.9000 2108.6000 2110.3000 2112.0000 2113.6000 2115.3000 2117.0000 2118.7000 2120.3000 2122.0000 2123.7000 2125.4000 2127.0000 2128.7000 2130.4000 2132.1000 2133.7000 2135.4000 2137.1000 2138.8000 2140.4000 2142.1000 2143.8000 2145.5000 2147.1000 2148.8000 2150.5000 2152.2000 2153.8000 2155.5000 2157.2000 2158.9000 2160.5000 2162.2000 2163.9000 2165.6000 2167.2000 2168.9000 2170.6000 2172.3000 2173.9000 2175.6000 2177.3000 2179.0000 2180.6000 2182.3000 2184.0000 2185.7000 2187.4000 2189.0000
2087.9000 2089.5000 2091.2000 2092.9000 2094.6000 2096.3000 2097.9000 2099.6000 2101.3000 2103.0000 2104.7000 2106.3000 2108.0000 2109.7000 2111.4000 2113.1000 2114.7000 2116.4000 2118.1000 2119.8000 2121.5000 2123.1000 2124.8000 2126.5000 2128.2000 2129.8000 2131.5000 2133.2000 2134.9000 2136.6000 2138.2000 2139.9000 2141.6000 2143.3000 2145.0000 2146.6000 2148.3000 2150.0000 2151.7000 2153.4000 2155.0000 2156.7000 2158.4000 2160.1000 2161.7000 2163.4000 2165.1000 2166.8000 2168.5000 2170.1000 2171.8000 2173.5000 2175.2000 2176.9000 2178.5000 2180.2000 2181.9000 2183.6000 2185.3000 2186.9000
2085.6000 2087.3000 2088.9000 2090.6000 2092.3000 2094.0000 2095.7000 2097.3000 2099.0000 2100.7000 2102.4000 2104.1000 2105.8000 2107.4000 2109.1000 2110.8000 2112.5000 2114.2000 2115.9000 2117.5000 2119.2000 2120.9000 2122.6000 2124.3000 2125.9000 2127.6000 2129.3000 2131.0000 2132.7000 2134.4000 2136.0000 2137.7000 2139.4000 2141.1000 2142.8000 2144.5000 2146.1000 2147.8000 2149.5000 2151.2000 2152.9000 2154.6000 2156.2000 2157.9000 2159.6000 2161.3000 2163.0000 2164.6000 2166.3000 2168.0000 2169.7000 2171.4000 2173.1000 2174.7000 2176.4000 2178.1000 2179.8000 2181.5000 2183.2000 2184.8000
2083.3000 2085.0000 2086.6000 2088.3000 2090.0000 2091.7000 2093.4000 2095.1000 2096.8000 2098.4000 2100.1000 2101.8000 2103.5000 2105.2000 2106.9000 2108.6000 2110.2000 2111.9000 2113.6000 2115.3000 2117.0000 2118.7000 2120.4000 2122.0000 2123.7000 2125.4000 2127.1000 2128.8000 2130.5000 2132.2000 2133.8000 2135.5000 2137.2000 2138.9000 2140.6000 2142.3000 2144.0000 2145.6000 2147.3000 2149.0000 2150.7000 2152.4000 2154.1000 2155.8000 2157.5000 2159.1000 2160.8000 2162.5000 2164.2000 2165.9000 2167.6000 2169.3000 2170.9000 2172.6000 2174.3000 2176.0000 2177.7000 2179.4000 2181.1000 2182.7000
2081.0000 2082.7000 2084.3000 2086.0000 2087.7000 2089.4000 2091.1000 2092.8000 2094.5000 2096.2000 2097.9000 2099.6000 2101.2000 2102.9000 2104.6000 2106.3000 2108.0000 2109.7000 2111.4000 2113.1000 2114.8000 2116.4000 2118.1000 2119.8000 2121.5000 2123.2000 2124.9000 2126.6000 2128.3000 2130.0000 2131.7000 2133.3000 2135.0000 2136.7000 2138.4000 2140.1000 2141.8000 2143.5000 2145.2000 2146.9000 2148.5000 2150.2000 2151.9000 2153.6000 2155.3000 2157.0000 2158.7000 2160.4000 2162.1000 2163.8000 2165.4000 2167.1000 2168.8000 2170.5000 2172.2000 2173.9000 2175.6000 2177.3000 2179.0000 2180.6000
2078.7000 2080.4000 2082.1000 2083.7000 2085.4000 2087.1000 2088.8000 2090.5000 2092.2000 2093.9000 2095.6000 2097.3000 2099.0000 2100.7000 2102.4000 2104.1000 2105.8000 2107.4000 2109.1000 2110.8000 2112.5000 2114.2000 2115.9000 2117.6000 2119.3000 2121.0000 2122.7000 2124.4000 2126.1000 2127.8000 2129.5000 2131.1000 2132.8000 2134.5000 2136.2000 2137.9000 2139.6000 2141.3000 2143.0000 2144.7000 2146.4000 2148.1000 2149.8000 2151.5000 2153.2000 2154.9000 2156.5000 2158.2000 2159.9000 2161.6000 2163.3000 2165.0000 2166.7000 2168.4000 2170.1000 2171.8000 2173.5000 2175.2000 2176.9000 2178.6000
2076.4000 2078.1000 2079.8000 2081.5000 2083.2000 2084.8000 2086.5000 2088.2000 2089.9000 2091.6000 2093.3000 2095.0000 2096.7000 2098.4000 2100.1000 2101.8000 2103.5000 2105.2000 2106.9000 2108.6000 2110.3000 2112.0000 2113.7000 2115.4000 2117.1000 2118.8000 2120.5000 2122.2000 2123.9000 2125.6000 2127.3000 2129.0000 2130.7000 2132.3000 2134.0000 2135.7000 2137.4000 2139.1000 2140.8000 2142.5000 2144.2000 2145.9000 2147.6000 2149.3000 2151.0000 2152.7000 2154.4000 2156.1000 2157.8000 2159.5000 2161.2000 2162.9000 2164.6000 2166.3000 2168.0000 2169.7000 2171.4000 2173.1000 2174.8000 2176.5000
2074.1000 2075.8000 2077.5000 2079.2000 2080.9000 2082.6000 2084.3000 2086.0000 2087.7000 2089.4000 2091.1000 2092.8000 2094.5000 2096.2000 2097.9000 2099.6000 2101.3000 2103.0000 2104.7000 2106.4000 2108.1000 2109.8000 2111.5000 2113.2000 2114.9000 2116.6000 2118.3000 2120.0000 2121.7000 2123.4000 2125.1000 2126.8000 2128.5000 2130.2000 2131.9000 2133.6000 2135.3000 2137.0000 2138.7000 2140.4000 2142.1000 2143.8000 2145.5000 2147.2000 2148.9000 2150.6000 2152.3000 2154.0000 2155.7000 2157.4000 2159.1000 2160.8000 2162.5000 2164.2000 2165.9000 2167.6000 2169.3000 2171.0000 2172.7000 2174.4000
2071.8000 2073.5000 2075.2000 2076.9000 2078.6000 2080.3000 2082.0000 2083.7000 2085.4000 2087.1000 2088.8000 2090.5000 2092.2000 2093.9000 2095.6000 2097.3000 2099.0000 2100.7000 2102.4000 2104.1000 2105.8000 2107.5000 2109.2000 2110.9000 2112.6000 2114.4000 2116.1000 2117.8000 2119.5000 2121.2000 2122.9000 2124.6000 2126.3000 2128.0000 2129.7000 2131.4000 2133.1000 2134.8000 2136.5000 2138.2000 2139.9000 2141.6000 2143.3000 2145.0000 2146.7000 2148.4000 2150.1000 2151.8000 2153.5000 2155.2000 2156.9000 2158.6000 2160.3000 2162.0000 2163.7000 2165.5000 2167.2000 2168.9000 2170.6000 2172.3000
2069.5000 2071.2000 2072.9000 2074.6000 2076.3000 2078.0000 2079.7000 2081.4000 2083.1000 2084.8000 2086.5000 2088.2000 2089.9000 2091.7000 2093.4000 2095.1000 2096.8000 2098.5000 2100.2000 2101.9000 2103.6000 2105.3000 2107.0000 2108.7000 2110.4000 2112.1000 2113.8000 2115.6000 2117.3000 2119.0000 2120.7000 2122.4000 2124.1000 2125.8000 2127.5000 2129.2000 2130.9000 2132.6000 2134.3000 2136.0000 2137.7000 2139.4000 2141.2000 2142.9000 2144.6000 2146.3000 2148.0000 2149.7000 2151.4000 2153.1000 2154.8000 2156.5000 2158.2000 2159.9000 2161.6000 2163.3000 2165.1000 2166.8000 2168.5000 2170.2000
2067.2000 2068.9000 2070.6000 2072.3000 2074.0000 2075.7000 2077.4000 2079.1000 2080.8000 2082.6000 2084.3000 2086.0000 2087.7000 2089.4000 2091.1000 2092.8000 2094.5000 2096.2000 2098.0000 2099.7000 2101.4000 2103.1000 2104.8000 2106.5000 2108.2000 2109.9000 2111.6000 2113.3000 2115.1000 2116.8000 2118.5000 2120.2000 2121.9000 2123.6000 2125.3000 2127.0000 2128.7000 2130.4000 2132.2000 2133.9000 2135.6000 2137.3000 2139.0000 2140.7000 2142.4000 2144.1000 2145.8000 2147.6000 2149.3000 2151.0000 2152.7000 2154.4000 2156.1000 2157.8000 2159.5000 2161.2000 2162.9000 2164.7000 2166.4000 2168.1000
2064.9000 2066.6000 2068.3000 2070.0000 2071.7000 2073.4000 2075.1000 2076.9000 2078.6000 2080.3000 2082.0000 2083.7000 2085.4000 2087.1000 2088.9000 2090.6000 2092.3000 2094.0000 2095.7000 2097.4000 2099.1000 2100.9000 2102.6000 2104.3000 2106.0000 2107.7000 2109.4000 2111.1000 2112.9000 2114.6000 2116.3000 2118.0000 2119.7000 2121.4000 2123.1000 2124.8000 2126.6000 2128.3000 2130.0000 2131.7000 2133.4000 2135.1000 2136.8000 2138.6000 2140.3000 2142.0000 2143.7000 2145.4000 2147.1000 2148.8000 2150.6000 2152.3000 2154.0000 2155.7000 2157.4000 2159.1000 2160.8000 2162.6000 2164.3000 2166.0000
