Dimension Analysis/Long/CA-TP3_Gini_0.90/dem_long_bed.txt
ncols         320
nrows         500
xllcorner     100000
yllcorner     100000
cellsize      10
NODATA_value  -9999
[rows 234 to 259 of 500, columns 0 to 59 of 320]
2301.3000 2299.6000 2297.8000 2296.1000 2294.4000 2292.7000 2291.0000 2289.3000 2287.5000 2285.8000 2284.1000 2282.4000 2280.7000 2279.0000 2277.2000 2275.5000 2273.8000 2272.1000 2270.4000 2268.6000 2266.9000 2265.2000 2263.5000 2261.8000 2260.1000 2258.3000 2256.6000 2254.9000 2253.2000 2251.5000 2249.8000 2248.0000 2246.3000 2244.6000 2242.9000 2241.2000 2239.5000 2237.7000 2236.0000 2234.3000 2232.6000 2230.9000 2229.1000 2227.4000 2225.7000 2224.0000 2222.3000 2220.6000 2218.8000 2217.1000 2215.4000 2213.7000 2212.0000 2210.3000 2208.5000 2206.8000 2205.1000 2203.4000 2201.7000 2200.0000
2299.5000 2297.7000 2296.0000 2294.3000 2292.6000 2290.9000 2289.1000 2287.4000 2285.7000 2284.0000 2282.3000 2280.5000 2278.8000 2277.1000 2275.4000 2273.6000 2271.9000 2270.2000 2268.5000 2266.8000 2265.0000 2263.3000 2261.6000 2259.9000 2258.2000 2256.4000 2254.7000 2253.0000 2251.3000 2249.6000 2247.8000 2246.1000 2244.4000 2242.7000 2241.0000 2239.2000 2237.5000 2235.8000 2234.1000 2232.3000 2230.6000 2228.9000 2227.2000 2225.5000 2223.7000 2222.0000 2220.3000 2218.6000 2216.9000 2215.1000 2213.4000 2211.7000 2210.0000 2208.3000 2206.5000 2204.8000 2203.1000 2201.4000 2199.7000 2197.9000
2297.6000 2295.9000 2294.2000 2292.5000 2290.7000 2289.0000 2287.3000 2285.6000 2283.9000 2282.1000 2280.4000 2278.7000 2277.0000 2275.2000 2273.5000 2271.8000 2270.1000 2268.3000 2266.6000 2264.9000 2263.2000 2261.4000 2259.7000 2258.0000 2256.3000 2254.5000 2252.8000 2251.1000 2249.4000 2247.6000 2245.9000 2244.2000 2242.5000 2240.7000 2239.0000 2237.3000 2235.6000 2233.8000 2232.1000 2230.4000 2228.7000 2226.9000 2225.2000 2223.5000 2221.8000 2220.0000 2218.3000 2216.6000 2214.9000 2213.2000 2211.4000 2209.7000 2208.0000 2206.3000 2204.5000 2202.8000 2201.1000 2199.4000 2197.6000 2195.9000
2295.8000 2294.1000 2292.4000 2290.6000 2288.9000 2287.2000 2285.5000 2283.7000 2282.0000 2280.3000 2278.6000 2276.8000 2275.1000 2273.4000 2271.6000 2269.9000 2268.2000 2266.5000 2264.7000 2263.0000 2261.3000 2259.5000 2257.8000 2256.1000 2254.4000 2252.6000 2250.9000 2249.2000 2247.5000 2245.7000 2244.0000 2242.3000 2240.5000 2238.8000 2237.1000 2235.4000 2233.6000 2231.9000 2230.2000 2228.4000 2226.7000 2225.0000 2223.3000 2221.5000 2219.8000 2218.1000 2216.3000 2214.6000 2212.9000 2211.2000 2209.4000 2207.7000 2206.0000 2204.3000 2202.5000 2200.8000 2199.1000 2197.3000 2195.6000 2193.9000
2294.0000 2292.3000 2290.6000 2288.8000 2287.1000 2285.4000 2283.6000 2281.9000 2280.2000 2278.4000 2276.7000 2275.0000 2273.2000 2271.5000 2269.8000 2268.0000 2266.3000 2264.6000 2262.9000 2261.1000 2259.4000 2257.7000 2255.9000 2254.2000 2252.5000 2250.7000 2249.0000 2247.3000 2245.5000 2243.8000 2242.1000 2240.3000 2238.6000 2236.9000 2235.1000 2233.4000 2231.7000 2230.0000 2228.2000 2226.5000 2224.8000 2223.0000 2221.3000 2219.6000 2217.8000 2216.1000 2214.4000 2212.6000 2210.9000 2209.2000 2207.4000 2205.7000 2204.0000 2202.3000 2200.5000 2198.8000 2197.1000 2195.3000 2193.6000 2191.9000
2292.2000 2290.5000 2288.7000 2287.0000 2285.3000 2283.5000 2281.8000 2280.1000 2278.3000 2276.6000 2274.9000 2273.1000 2271.4000 2269.6000 2267.9000 2266.2000 2264.4000 2262.7000 2261.0000 2259.2000 2257.5000 2255.8000 2254.0000 2252.3000 2250.6000 2248.8000 2247.1000 2245.4000 2243.6000 2241.9000 2240.2000 2238.4000 2236.7000 2234.9000 2233.2000 2231.5000 2229.7000 2228.0000 2226.3000 2224.5000 2222.8000 2221.1000 2219.3000 2217.6000 2215.9000 2214.1000 2212.4000 2210.7000 2208.9000 2207.2000 2205.5000 2203.7000 2202.0000 2200.3000 2198.5000 2196.8000 2195.0000 2193.3000 2191.6000 2189.8000
2290.4000 2288.6000 2286.9000 2285.2000 2283.4000 2281.7000 2280.0000 2278.2000 2276.5000 2274.7000 2273.0000 2271.3000 2269.5000 2267.8000 2266.0000 2264.3000 2262.6000 2260.8000 2259.1000 2257.4000 2255.6000 2253.9000 2252.1000 2250.4000 2248.7000 2246.9000 2245.2000 2243.4000 2241.7000 2240.0000 2238.2000 2236.5000 2234.8000 2233.0000 2231.3000 2229.5000 2227.8000 2226.1000 2224.3000 2222.6000 2220.9000 2219.1000 2217.4000 2215.6000 2213.9000 2212.2000 2210.4000 2208.7000 2206.9000 2205.2000 2203.5000 2201.7000 2200.0000 2198.3000 2196.5000 2194.8000 2193.0000 2191.3000 2189.6000 2187.8000
2288.6000 2286.8000 2285.1000 2283.3000 2281.6000 2279.9000 2278.1000 2276.4000 2274.6000 2272.9000 2271.1000 2269.4000 2267.7000 2265.9000 2264.2000 2262.4000 2260.7000 2259.0000 2257.2000 2255.5000 2253.7000 2252.0000 2250.2000 2248.5000 2246.8000 2245.0000 2243.3000 2241.5000 2239.8000 2238.1000 2236.3000 2234.6000 2232.8000 2231.1000 2229.3000 2227.6000 2225.9000 2224.1000 2222.4000 2220.6000 2218.9000 2217.2000 2215.4000 2213.7000 2211.9000 2210.2000 2208.4000 2206.7000 2205.0000 2203.2000 2201.5000 2199.7000 2198.0000 2196.3000 2194.5000 2192.8000 2191.0000 2189.3000 2187.5000 2185.8000
2286.8000 2285.0000 2283.3000 2281.5000 2279.8000 2278.0000 2276.3000 2274.5000 2272.8000 2271.0000 2269.3000 2267.6000 2265.8000 2264.1000 2262.3000 2260.6000 2258.8000 2257.1000 2255.3000 2253.6000 2251.8000 2250.1000 2248.4000 2246.6000 2244.9000 2243.1000 2241.4000 2239.6000 2237.9000 2236.1000 2234.4000 2232.6000 2230.9000 2229.2000 2227.4000 2225.7000 2223.9000 2222.2000 2220.4000 2218.7000 2216.9000 2215.2000 2213.4000 2211.7000 2210.0000 2208.2000 2206.5000 2204.7000 2203.0000 2201.2000 2199.5000 2197.7000 2196.0000 2194.3000 2192.5000 2190.8000 2189.0000 2187.3000 2185.5000 2183.8000
2284.9000 2283.2000 2281.4000 2279.7000 2277.9000 2276.2000 2274.4000 2272.7000 2270.9000 2269.2000 2267.4000 2265.7000 2264.0000 2262.2000 2260.5000 2258.7000 2257.0000 2255.2000 2253.5000 2251.7000 2250.0000 2248.2000 2246.5000 2244.7000 2243.0000 2241.2000 2239.5000 2237.7000 2236.0000 2234.2000 2232.5000 2230.7000 2229.0000 2227.2000 2225.5000 2223.7000 2222.0000 2220.2000 2218.5000 2216.7000 2215.0000 2213.2000 2211.5000 2209.7000 2208.0000 2206.2000 2204.5000 2202.7000 2201.0000 2199.2000 2197.5000 2195.7000 2194.0000 2192.2000 2190.5000 2188.8000 2187.0000 2185.3000 2183.5000 2181.8000
2283.1000 2281.4000 2279.6000 2277.9000 2276.1000 2274.4000 2272.6000 2270.9000 2269.1000 2267.3000 2265.6000 2263.8000 2262.1000 2260.3000 2258.6000 2256.8000 2255.1000 2253.3000 2251.6000 2249.8000 2248.1000 2246.3000 2244.6000 2242.8000 2241.1000 2239.3000 2237.6000 2235.8000 2234.1000 2232.3000 2230.6000 2228.8000 2227.0000 2225.3000 2223.5000 2221.8000 2220.0000 2218.3000 2216.5000 2214.8000 2213.0000 2211.3000 2209.5000 2207.8000 2206.0000 2204.3000 2202.5000 2200.8000 2199.0000 2197.3000 2195.5000 2193.8000 2192.0000 2190.2000 2188.5000 2186.7000 2185.0000 2183.2000 2181.5000 2179.7000
2281.3000 2279.5000 2277.8000 2276.0000 2274.3000 2272.5000 2270.8000 2269.0000 2267.3000 2265.5000 2263.7000 2262.0000 2260.2000 2258.5000 2256.7000 2255.0000 2253.2000 2251.5000 2249.7000 2247.9000 2246.2000 2244.4000 2242.7000 2240.9000 2239.2000 2237.4000 2235.7000 2233.9000 2232.1000 2230.4000 2228.6000 2226.9000 2225.1000 2223.4000 2221.6000 2219.9000 2218.1000 2216.3000 2214.6000 2212.8000 2211.1000 2209.3000 2207.6000 2205.8000 2204.1000 2202.3000 2200.5000 2198.8000 2197.0000 2195.3000 2193.5000 2191.8000 2190.0000 2188.2000 2186.5000 2184.7000 2183.0000 2181.2000 2179.5000 2177.7000
2279.5000 2277.7000 2276.0000 2274.2000 2272.5000 2270.7000 2268.9000 2267.2000 2265.4000 2263.7000 2261.9000 2260.1000 2258.4000 2256.6000 2254.9000 2253.1000 2251.3000 2249.6000 2247.8000 2246.1000 2244.3000 2242.5000 2240.8000 2239.0000 2237.3000 2235.5000 2233.7000 2232.0000 2230.2000 2228.5000 2226.7000 2225.0000 2223.2000 2221.4000 2219.7000 2217.9000 2216.2000 2214.4000 2212.6000 2210.9000 2209.1000 2207.4000 2205.6000 2203.8000 2202.1000 2200.3000 2198.6000 2196.8000 2195.0000 2193.3000 2191.5000 2189.8000 2188.0000 2186.2000 2184.5000 2182.7000 2181.0000 2179.2000 2177.5000 2175.7000
2277.7000 2275.9000 2274.1000 2272.4000 2270.6000 2268.9000 2267.1000 2265.3000 2263.6000 2261.8000 2260.0000 2258.3000 2256.5000 2254.8000 2253.0000 2251.2000 2249.5000 2247.7000 2245.9000 2244.2000 2242.4000 2240.7000 2238.9000 2237.1000 2235.4000 2233.6000 2231.8000 2230.1000 2228.3000 2226.6000 2224.8000 2223.0000 2221.3000 2219.5000 2217.7000 2216.0000 2214.2000 2212.5000 2210.7000 2208.9000 2207.2000 2205.4000 2203.6000 2201.9000 2200.1000 2198.3000 2196.6000 2194.8000 2193.1000 2191.3000 2189.5000 2187.8000 2186.0000 2184.2000 2182.5000 2180.7000 2179.0000 2177.2000 2175.4000 2173.7000
2275.9000 2274.1000 2272.3000 2270.6000 2268.8000 2267.0000 2265.3000 2263.5000 2261.7000 2260.0000 2258.2000 2256.4000 2254.7000 2252.9000 2251.1000 2249.4000 2247.6000 2245.8000 2244.1000 2242.3000 2240.5000 2238.8000 2237.0000 2235.2000 2233.5000 2231.7000 2229.9000 2228.2000 2226.4000 2224.6000 2222.9000 2221.1000 2219.3000 2217.6000 2215.8000 2214.0000 2212.3000 2210.5000 2208.7000 2207.0000 2205.2000 2203.4000 2201.7000 2199.9000 2198.1000 2196.4000 2194.6000 2192.8000 2191.1000 2189.3000 2187.5000 2185.8000 2184.0000 2182.2000 2180.5000 2178.7000 2176.9000 2175.2000 2173.4000 2171.6000
2274.0000 2272.3000 2270.5000 2268.7000 2267.0000 2265.2000 2263.4000 2261.7000 2259.9000 2258.1000 2256.3000 2254.6000 2252.8000 2251.0000 2249.3000 2247.5000 2245.7000 2244.0000 2242.2000 2240.4000 2238.6000 2236.9000 2235.1000 2233.3000 2231.6000 2229.8000 2228.0000 2226.3000 2224.5000 2222.7000 2220.9000 2219.2000 2217.4000 2215.6000 2213.9000 2212.1000 2210.3000 2208.6000 2206.8000 2205.0000 2203.3000 2201.5000 2199.7000 2197.9000 2196.2000 2194.4000 2192.6000 2190.9000 2189.1000 2187.3000 2185.6000 2183.8000 2182.0000 2180.2000 2178.5000 2176.7000 2174.9000 2173.2000 2171.4000 2169.6000
2272.2000 2270.5000 2268.7000 2266.9000 2265.1000 2263.4000 2261.6000 2259.8000 2258.0000 2256.3000 2254.5000 2252.7000 2250.9000 2249.2000 2247.4000 2245.6000 2243.9000 2242.1000 2240.3000 2238.5000 2236.8000 2235.0000 2233.2000 2231.4000 2229.7000 2227.9000 2226.1000 2224.3000 2222.6000 2220.8000 2219.0000 2217.3000 2215.5000 2213.7000 2211.9000 2210.2000 2208.4000 2206.6000 2204.8000 2203.1000 2201.3000 2199.5000 2197.8000 2196.0000 2194.2000 2192.4000 2190.7000 2188.9000 2187.1000 2185.3000 2183.6000 2181.8000 2180.0000 2178.2000 2176.5000 2174.7000 2172.9000 2171.2000 2169.4000 2167.6000
2270.4000 2268.6000 2266.9000 2265.1000 2263.3000 2261.5000 2259.7000 2258.0000 2256.2000 2254.4000 2252.6000 2250.9000 2249.1000 2247.3000 2245.5000 2243.8000 2242.0000 2240.2000 2238.4000 2236.7000 2234.9000 2233.1000 2231.3000 2229.5000 2227.8000 2226.0000 2224.2000 2222.4000 2220.7000 2218.9000 2217.1000 2215.3000 2213.6000 2211.8000 2210.0000 2208.2000 2206.4000 2204.7000 2202.9000 2201.1000 2199.3000 2197.6000 2195.8000 2194.0000 2192.2000 2190.5000 2188.7000 2186.9000 2185.1000 2183.4000 2181.6000 2179.8000 2178.0000 2176.2000 2174.5000 2172.7000 2170.9000 2169.1000 2167.4000 2165.6000
2268.6000 2266.8000 2265.0000 2263.3000 2261.5000 2259.7000 2257.9000 2256.1000 2254.4000 2252.6000 2250.8000 2249.0000 2247.2000 2245.5000 2243.7000 2241.9000 2240.1000 2238.3000 2236.6000 2234.8000 2233.0000 2231.2000 2229.4000 2227.6000 2225.9000 2224.1000 2222.3000 2220.5000 2218.7000 2217.0000 2215.2000 2213.4000 2211.6000 2209.8000 2208.1000 2206.3000 2204.5000 2202.7000 2200.9000 2199.2000 2197.4000 2195.6000 2193.8000 2192.0000 2190.3000 2188.5000 2186.7000 2184.9000 2183.1000 2181.4000 2179.6000 2177.8000 2176.0000 2174.2000 2172.5000 2170.7000 2168.9000 2167.1000 2165.3000 2163.6000
2266.8000 2265.0000 2263.2000 2261.4000 2259.6000 2257.9000 2256.1000 2254.3000 2252.5000 2250.7000 2248.9000 2247.2000 2245.4000 2243.6000 2241.8000 2240.0000 2238.2000 2236.5000 2234.7000 2232.9000 2231.1000 2229.3000 2227.5000 2225.8000 2224.0000 2222.2000 2220.4000 2218.6000 2216.8000 2215.1000 2213.3000 2211.5000 2209.7000 2207.9000 2206.1000 2204.3000 2202.6000 2200.8000 2199.0000 2197.2000 2195.4000 2193.6000 2191.9000 2190.1000 2188.3000 2186.5000 2184.7000 2182.9000 2181.2000 2179.4000 2177.6000 2175.8000 2174.0000 2172.2000 2170.5000 2168.7000 2166.9000 2165.1000 2163.3000 2161.5000
2265.0000 2263.2000 2261.4000 2259.6000 2257.8000 2256.0000 2254.2000 2252.5000 2250.7000 2248.9000 2247.1000 2245.3000 2243.5000 2241.7000 2239.9000 2238.2000 2236.4000 2234.6000 2232.8000 2231.0000 2229.2000 2227.4000 2225.6000 2223.9000 2222.1000 2220.3000 2218.5000 2216.7000 2214.9000 2213.1000 2211.3000 2209.6000 2207.8000 2206.0000 2204.2000 2202.4000 2200.6000 2198.8000 2197.0000 2195.3000 2193.5000 2191.7000 2189.9000 2188.1000 2186.3000 2184.5000 2182.8000 2181.0000 2179.2000 2177.4000 2175.6000 2173.8000 2172.0000 2170.2000 2168.5000 2166.7000 2164.9000 2163.1000 2161.3000 2159.5000
2263.1000 2261.4000 2259.6000 2257.8000 2256.0000 2254.2000 2252.4000 2250.6000 2248.8000 2247.0000 2245.2000 2243.4000 2241.7000 2239.9000 2238.1000 2236.3000 2234.5000 2232.7000 2230.9000 2229.1000 2227.3000 2225.5000 2223.8000 2222.0000 2220.2000 2218.4000 2216.6000 2214.8000 2213.0000 2211.2000 2209.4000 2207.6000 2205.8000 2204.1000 2202.3000 2200.5000 2198.7000 2196.9000 2195.1000 2193.3000 2191.5000 2189.7000 2187.9000 2186.1000 2184.4000 2182.6000 2180.8000 2179.0000 2177.2000 2175.4000 2173.6000 2171.8000 2170.0000 2168.2000 2166.5000 2164.7000 2162.9000 2161.1000 2159.3000 2157.5000
2261.3000 2259.5000 2257.7000 2255.9000 2254.2000 2252.4000 2250.6000 2248.8000 2247.0000 2245.2000 2243.4000 2241.6000 2239.8000 2238.0000 2236.2000 2234.4000 2232.6000 2230.8000 2229.0000 2227.2000 2225.4000 2223.7000 2221.9000 2220.1000 2218.3000 2216.5000 2214.7000 2212.9000 2211.1000 2209.3000 2207.5000 2205.7000 2203.9000 2202.1000 2200.3000 2198.5000 2196.7000 2194.9000 2193.2000 2191.4000 2189.6000 2187.8000 2186.0000 2184.2000 2182.4000 2180.6000 2178.8000 2177.0000 2175.2000 2173.4000 2171.6000 2169.8000 2168.0000 2166.2000 2164.4000 2162.7000 2160.9000 2159.1000 2157.3000 2155.5000
2259.5000 2257.7000 2255.9000 2254.1000 2252.3000 2250.5000 2248.7000 2246.9000 2245.1000 2243.3000 2241.5000 2239.7000 2237.9000 2236.1000 2234.3000 2232.6000 2230.8000 2229.0000 2227.2000 2225.4000 2223.6000 2221.8000 2220.0000 2218.2000 2216.4000 2214.6000 2212.8000 2211.0000 2209.2000 2207.4000 2205.6000 2203.8000 2202.0000 2200.2000 2198.4000 2196.6000 2194.8000 2193.0000 2191.2000 2189.4000 2187.6000 2185.8000 2184.0000 2182.2000 2180.4000 2178.6000 2176.8000 2175.0000 2173.2000 2171.4000 2169.6000 2167.8000 2166.0000 2164.2000 2162.4000 2160.6000 2158.8000 2157.0000 2155.3000 2153.5000
2257.7000 2255.9000 2254.1000 2252.3000 2250.5000 2248.7000 2246.9000 2245.1000 2243.3000 2241.5000 2239.7000 2237.9000 2236.1000 2234.3000 2232.5000 2230.7000 2228.9000 2227.1000 2225.3000 2223.5000 2221.7000 2219.9000 2218.1000 2216.3000 2214.5000 2212.7000 2210.9000 2209.1000 2207.3000 2205.5000 2203.7000 2201.9000 2200.1000 2198.3000 2196.5000 2194.7000 2192.9000 2191.1000 2189.3000 2187.5000 2185.7000 2183.9000 2182.1000 2180.3000 2178.4000 2176.6000 2174.8000 2173.0000 2171.2000 2169.4000 2167.6000 2165.8000 2164.0000 2162.2000 2160.4000 2158.6000 2156.8000 2155.0000 2153.2000 2151.4000
2255.9000 2254.1000 2252.3000 2250.5000 2248.7000 2246.9000 2245.1000 2243.3000 2241.4000 2239.6000 2237.8000 2236.0000 2234.2000 2232.4000 2230.6000 2228.8000 2227.0000 2225.2000 2223.4000 2221.6000 2219.8000 2218.0000 2216.2000 2214.4000 2212.6000 2210.8000 2209.0000 2207.2000 2205.4000 2203.5000 2201.7000 2199.9000 2198.1000 2196.3000 2194.5000 2192.7000 2190.9000 2189.1000 2187.3000 2185.5000 2183.7000 2181.9000 2180.1000 2178.3000 2176.5000 2174.7000 2172.9000 2171.1000 2169.3000 2167.5000 2165.7000 2163.8000 2162.0000 2160.2000 2158.4000 2156.6000 2154.8000 2153.0000 2151.2000 2149.4000
