Dimension Analysis/Long/CA-TP3_Gini_0.90/dem_long_bed.txt
ncols         320
nrows         500
xllcorner     100000
yllcorner     100000
cellsize      10
NODATA_value  -9999
[rows 442 to 467 of 500, columns 120 to 179 of 320]
1630.4000 1628.0000 1625.5000 1623.1000 1620.6000 1618.2000 1615.8000 1613.3000 1610.9000 1608.4000 1606.0000 1603.5000 1601.1000 1598.6000 1596.2000 1593.8000 1591.3000 1588.9000 1586.4000 1584.0000 1581.5000 1579.1000 1576.7000 1574.2000 1571.8000 1569.3000 1566.9000 1564.4000 1562.0000 1559.6000 1557.1000 1554.7000 1552.2000 1549.8000 1547.3000 1544.9000 1542.5000 1540.0000 1537.6000 1535.1000 1535.1000 1537.6000 1540.0000 1542.5000 1544.9000 1547.3000 1549.8000 1552.2000 1554.7000 1557.1000 1559.6000 1562.0000 1564.4000 1566.9000 1569.3000 1571.8000 1574.2000 1576.7000 1579.1000 1581.5000
1628.2000 1625.7000 1623.3000 1620.8000 1618.4000 1615.9000 1613.5000 1611.0000 1608.6000 1606.2000 1603.7000 1601.3000 1598.8000 1596.4000 1593.9000 1591.5000 1589.0000 1586.6000 1584.1000 1581.7000 1579.2000 1576.8000 1574.3000 1571.9000 1569.5000 1567.0000 1564.6000 1562.1000 1559.7000 1557.2000 1554.8000 1552.3000 1549.9000 1547.4000 1545.0000 1542.5000 1540.1000 1537.6000 1535.2000 1532.8000 1532.8000 1535.2000 1537.6000 1540.1000 1542.5000 1545.0000 1547.4000 1549.9000 1552.3000 1554.8000 1557.2000 1559.7000 1562.1000 1564.6000 1567.0000 1569.5000 1571.9000 1574.3000 1576.8000 1579.2000
1625.9000 1623.5000 1621.0000 1618.6000 1616.1000 1613.7000 1611.2000 1608.8000 1606.3000 1603.9000 1601.4000 1599.0000 1596.5000 1594.1000 1591.6000 1589.2000 1586.7000 1584.3000 1581.8000 1579.4000 1576.9000 1574.5000 1572.0000 1569.6000 1567.1000 1564.7000 1562.2000 1559.8000 1557.3000 1554.9000 1552.4000 1550.0000 1547.5000 1545.1000 1542.6000 1540.2000 1537.7000 1535.3000 1532.8000 1530.4000 1530.4000 1532.8000 1535.3000 1537.7000 1540.2000 1542.6000 1545.1000 1547.5000 1550.0000 1552.4000 1554.9000 1557.3000 1559.8000 1562.2000 1564.7000 1567.1000 1569.6000 1572.0000 1574.5000 1576.9000
1623.7000 1621.3000 1618.8000 1616.3000 1613.9000 1611.4000 1609.0000 1606.5000 1604.1000 1601.6000 1599.2000 1596.7000 1594.3000 1591.8000 1589.4000 1586.9000 1584.4000 1582.0000 1579.5000 1577.1000 1574.6000 1572.2000 1569.7000 1567.3000 1564.8000 1562.4000 1559.9000 1557.5000 1555.0000 1552.6000 1550.1000 1547.6000 1545.2000 1542.7000 1540.3000 1537.8000 1535.4000 1532.9000 1530.5000 1528.0000 1528.0000 1530.5000 1532.9000 1535.4000 1537.8000 1540.3000 1542.7000 1545.2000 1547.6000 1550.1000 1552.6000 1555.0000 1557.5000 1559.9000 1562.4000 1564.8000 1567.3000 1569.7000 1572.2000 1574.6000
1621.5000 1619.0000 1616.6000 1614.1000 1611.6000 1609.2000 1606.7000 1604.3000 1601.8000 1599.4000 1596.9000 1594.4000 1592.0000 1589.5000 1587.1000 1584.6000 1582.2000 1579.7000 1577.2000 1574.8000 1572.3000 1569.9000 1567.4000 1565.0000 1562.5000 1560.0000 1557.6000 1555.1000 1552.7000 1550.2000 1547.8000 1545.3000 1542.8000 1540.4000 1537.9000 1535.5000 1533.0000 1530.6000 1528.1000 1525.6000 1525.6000 1528.1000 1530.6000 1533.0000 1535.5000 1537.9000 1540.4000 1542.8000 1545.3000 1547.8000 1550.2000 1552.7000 1555.1000 1557.6000 1560.0000 1562.5000 1565.0000 1567.4000 1569.9000 1572.3000
1619.2000 1616.8000 1614.3000 1611.9000 1609.4000 1606.9000 1604.5000 1602.0000 1599.6000 1597.1000 1594.6000 1592.2000 1589.7000 1587.2000 1584.8000 1582.3000 1579.9000 1577.4000 1574.9000 1572.5000 1570.0000 1567.6000 1565.1000 1562.6000 1560.2000 1557.7000 1555.3000 1552.8000 1550.3000 1547.9000 1545.4000 1543.0000 1540.5000 1538.0000 1535.6000 1533.1000 1530.7000 1528.2000 1525.7000 1523.3000 1523.3000 1525.7000 1528.2000 1530.7000 1533.1000 1535.6000 1538.0000 1540.5000 1543.0000 1545.4000 1547.9000 1550.3000 1552.8000 1555.3000 1557.7000 1560.2000 1562.6000 1565.1000 1567.6000 1570.0000
1617.0000 1614.5000 1612.1000 1609.6000 1607.1000 1604.7000 1602.2000 1599.8000 1597.3000 1594.8000 1592.4000 1589.9000 1587.4000 1585.0000 1582.5000 1580.0000 1577.6000 1575.1000 1572.6000 1570.2000 1567.7000 1565.3000 1562.8000 1560.3000 1557.9000 1555.4000 1552.9000 1550.5000 1548.0000 1545.5000 1543.1000 1540.6000 1538.2000 1535.7000 1533.2000 1530.8000 1528.3000 1525.8000 1523.4000 1520.9000 1520.9000 1523.4000 1525.8000 1528.3000 1530.8000 1533.2000 1535.7000 1538.2000 1540.6000 1543.1000 1545.5000 1548.0000 1550.5000 1552.9000 1555.4000 1557.9000 1560.3000 1562.8000 1565.3000 1567.7000
1614.8000 1612.3000 1609.8000 1607.4000 1604.9000 1602.4000 1600.0000 1597.5000 1595.0000 1592.6000 1590.1000 1587.6000 1585.2000 1582.7000 1580.2000 1577.8000 1575.3000 1572.8000 1570.4000 1567.9000 1565.4000 1562.9000 1560.5000 1558.0000 1555.5000 1553.1000 1550.6000 1548.1000 1545.7000 1543.2000 1540.7000 1538.3000 1535.8000 1533.3000 1530.9000 1528.4000 1525.9000 1523.5000 1521.0000 1518.5000 1518.5000 1521.0000 1523.5000 1525.9000 1528.4000 1530.9000 1533.3000 1535.8000 1538.3000 1540.7000 1543.2000 1545.7000 1548.1000 1550.6000 1553.1000 1555.5000 1558.0000 1560.5000 1562.9000 1565.4000
1612.5000 1610.1000 1607.6000 1605.1000 1602.7000 1600.2000 1597.7000 1595.2000 1592.8000 1590.3000 1587.8000 1585.4000 1582.9000 1580.4000 1577.9000 1575.5000 1573.0000 1570.5000 1568.1000 1565.6000 1563.1000 1560.6000 1558.2000 1555.7000 1553.2000 1550.8000 1548.3000 1545.8000 1543.3000 1540.9000 1538.4000 1535.9000 1533.5000 1531.0000 1528.5000 1526.0000 1523.6000 1521.1000 1518.6000 1516.2000 1516.2000 1518.6000 1521.1000 1523.6000 1526.0000 1528.5000 1531.0000 1533.5000 1535.9000 1538.4000 1540.9000 1543.3000 1545.8000 1548.3000 1550.8000 1553.2000 1555.7000 1558.2000 1560.6000 1563.1000
1610.3000 1607.8000 1605.4000 1602.9000 1600.4000 1597.9000 1595.5000 1593.0000 1590.5000 1588.0000 1585.6000 1583.1000 1580.6000 1578.1000 1575.7000 1573.2000 1570.7000 1568.2000 1565.8000 1563.3000 1560.8000 1558.3000 1555.9000 1553.4000 1550.9000 1548.4000 1546.0000 1543.5000 1541.0000 1538.5000 1536.1000 1533.6000 1531.1000 1528.6000 1526.2000 1523.7000 1521.2000 1518.7000 1516.3000 1513.8000 1513.8000 1516.3000 1518.7000 1521.2000 1523.7000 1526.2000 1528.6000 1531.1000 1533.6000 1536.1000 1538.5000 1541.0000 1543.5000 1546.0000 1548.4000 1550.9000 1553.4000 1555.9000 1558.3000 1560.8000
1608.1000 1605.6000 1603.1000 1600.6000 1598.2000 1595.7000 1593.2000 1590.7000 1588.2000 1585.8000 1583.3000 1580.8000 1578.3000 1575.9000 1573.4000 1570.9000 1568.4000 1565.9000 1563.5000 1561.0000 1558.5000 1556.0000 1553.5000 1551.1000 1548.6000 1546.1000 1543.6000 1541.2000 1538.7000 1536.2000 1533.7000 1531.2000 1528.8000 1526.3000 1523.8000 1521.3000 1518.9000 1516.4000 1513.9000 1511.4000 1511.4000 1513.9000 1516.4000 1518.9000 1521.3000 1523.8000 1526.3000 1528.8000 1531.2000 1533.7000 1536.2000 1538.7000 1541.2000 1543.6000 1546.1000 1548.6000 1551.1000 1553.5000 1556.0000 1558.5000
1605.8000 1603.3000 1600.9000 1598.4000 1595.9000 1593.4000 1590.9000 1588.5000 1586.0000 1583.5000 1581.0000 1578.5000 1576.1000 1573.6000 1571.1000 1568.6000 1566.1000 1563.6000 1561.2000 1558.7000 1556.2000 1553.7000 1551.2000 1548.8000 1546.3000 1543.8000 1541.3000 1538.8000 1536.3000 1533.9000 1531.4000 1528.9000 1526.4000 1523.9000 1521.5000 1519.0000 1516.5000 1514.0000 1511.5000 1509.0000 1509.0000 1511.5000 1514.0000 1516.5000 1519.0000 1521.5000 1523.9000 1526.4000 1528.9000 1531.4000 1533.9000 1536.3000 1538.8000 1541.3000 1543.8000 1546.3000 1548.8000 1551.2000 1553.7000 1556.2000
1603.6000 1601.1000 1598.6000 1596.1000 1593.7000 1591.2000 1588.7000 1586.2000 1583.7000 1581.2000 1578.7000 1576.3000 1573.8000 1571.3000 1568.8000 1566.3000 1563.8000 1561.4000 1558.9000 1556.4000 1553.9000 1551.4000 1548.9000 1546.4000 1544.0000 1541.5000 1539.0000 1536.5000 1534.0000 1531.5000 1529.0000 1526.6000 1524.1000 1521.6000 1519.1000 1516.6000 1514.1000 1511.6000 1509.2000 1506.7000 1506.7000 1509.2000 1511.6000 1514.1000 1516.6000 1519.1000 1521.6000 1524.1000 1526.6000 1529.0000 1531.5000 1534.0000 1536.5000 1539.0000 1541.5000 1544.0000 1546.4000 1548.9000 1551.4000 1553.9000
1601.4000 1598.9000 1596.4000 1593.9000 1591.4000 1588.9000 1586.4000 1583.9000 1581.5000 1579.0000 1576.5000 1574.0000 1571.5000 1569.0000 1566.5000 1564.0000 1561.5000 1559.1000 1556.6000 1554.1000 1551.6000 1549.1000 1546.6000 1544.1000 1541.6000 1539.1000 1536.7000 1534.2000 1531.7000 1529.2000 1526.7000 1524.2000 1521.7000 1519.2000 1516.8000 1514.3000 1511.8000 1509.3000 1506.8000 1504.3000 1504.3000 1506.8000 1509.3000 1511.8000 1514.3000 1516.8000 1519.2000 1521.7000 1524.2000 1526.7000 1529.2000 1531.7000 1534.2000 1536.7000 1539.1000 1541.6000 1544.1000 1546.6000 1549.1000 1551.6000
1599.1000 1596.6000 1594.1000 1591.7000 1589.2000 1586.7000 1584.2000 1581.7000 1579.2000 1576.7000 1574.2000 1571.7000 1569.2000 1566.7000 1564.2000 1561.7000 1559.3000 1556.8000 1554.3000 1551.8000 1549.3000 1546.8000 1544.3000 1541.8000 1539.3000 1536.8000 1534.3000 1531.8000 1529.3000 1526.9000 1524.4000 1521.9000 1519.4000 1516.9000 1514.4000 1511.9000 1509.4000 1506.9000 1504.4000 1501.9000 1501.9000 1504.4000 1506.9000 1509.4000 1511.9000 1514.4000 1516.9000 1519.4000 1521.9000 1524.4000 1526.9000 1529.3000 1531.8000 1534.3000 1536.8000 1539.3000 1541.8000 1544.3000 1546.8000 1549.3000
1596.9000 1594.4000 1591.9000 1589.4000 1586.9000 1584.4000 1581.9000 1579.4000 1576.9000 1574.4000 1571.9000 1569.4000 1566.9000 1564.5000 1562.0000 1559.5000 1557.0000 1554.5000 1552.0000 1549.5000 1547.0000 1544.5000 1542.0000 1539.5000 1537.0000 1534.5000 1532.0000 1529.5000 1527.0000 1524.5000 1522.0000 1519.5000 1517.0000 1514.5000 1512.0000 1509.5000 1507.1000 1504.6000 1502.1000 1499.6000 1499.6000 1502.1000 1504.6000 1507.1000 1509.5000 1512.0000 1514.5000 1517.0000 1519.5000 1522.0000 1524.5000 1527.0000 1529.5000 1532.0000 1534.5000 1537.0000 1539.5000 1542.0000 1544.5000 1547.0000
1594.7000 1592.2000 1589.7000 1587.2000 1584.7000 1582.2000 1579.7000 1577.2000 1574.7000 1572.2000 1569.7000 1567.2000 1564.7000 1562.2000 1559.7000 1557.2000 1554.7000 1552.2000 1549.7000 1547.2000 1544.7000 1542.2000 1539.7000 1537.2000 1534.7000 1532.2000 1529.7000 1527.2000 1524.7000 1522.2000 1519.7000 1517.2000 1514.7000 1512.2000 1509.7000 1507.2000 1504.7000 1502.2000 1499.7000 1497.2000 1497.2000 1499.7000 1502.2000 1504.7000 1507.2000 1509.7000 1512.2000 1514.7000 1517.2000 1519.7000 1522.2000 1524.7000 1527.2000 1529.7000 1532.2000 1534.7000 1537.2000 1539.7000 1542.2000 1544.7000
1592.4000 1589.9000 1587.4000 1584.9000 1582.4000 1579.9000 1577.4000 1574.9000 1572.4000 1569.9000 1567.4000 1564.9000 1562.4000 1559.9000 1557.4000 1554.9000 1552.4000 1549.9000 1547.4000 1544.9000 1542.4000 1539.9000 1537.4000 1534.9000 1532.4000 1529.9000 1527.4000 1524.9000 1522.4000 1519.9000 1517.3000 1514.8000 1512.3000 1509.8000 1507.3000 1504.8000 1502.3000 1499.8000 1497.3000 1494.8000 1494.8000 1497.3000 1499.8000 1502.3000 1504.8000 1507.3000 1509.8000 1512.3000 1514.8000 1517.3000 1519.9000 1522.4000 1524.9000 1527.4000 1529.9000 1532.4000 1534.9000 1537.4000 1539.9000 1542.4000
1590.2000 1587.7000 1585.2000 1582.7000 1580.2000 1577.7000 1575.2000 1572.6000 1570.1000 1567.6000 1565.1000 1562.6000 1560.1000 1557.6000 1555.1000 1552.6000 1550.1000 1547.6000 1545.1000 1542.6000 1540.1000 1537.6000 1535.1000 1532.6000 1530.0000 1527.5000 1525.0000 1522.5000 1520.0000 1517.5000 1515.0000 1512.5000 1510.0000 1507.5000 1505.0000 1502.5000 1500.0000 1497.5000 1495.0000 1492.5000 1492.5000 1495.0000 1497.5000 1500.0000 1502.5000 1505.0000 1507.5000 1510.0000 1512.5000 1515.0000 1517.5000 1520.0000 1522.5000 1525.0000 1527.5000 1530.0000 1532.6000 1535.1000 1537.6000 1540.1000
1588.0000 1585.4000 1582.9000 1580.4000 1577.9000 1575.4000 1572.9000 1570.4000 1567.9000 1565.4000 1562.9000 1560.4000 1557.8000 1555.3000 1552.8000 1550.3000 1547.8000 1545.3000 1542.8000 1540.3000 1537.8000 1535.3000 1532.7000 1530.2000 1527.7000 1525.2000 1522.7000 1520.2000 1517.7000 1515.2000 1512.7000 1510.2000 1507.7000 1505.1000 1502.6000 1500.1000 1497.6000 1495.1000 1492.6000 1490.1000 1490.1000 1492.6000 1495.1000 1497.6000 1500.1000 1502.6000 1505.1000 1507.7000 1510.2000 1512.7000 1515.2000 1517.7000 1520.2000 1522.7000 1525.2000 1527.7000 1530.2000 1532.7000 1535.3000 1537.8000
1585.7000 1583.2000 1580.7000 1578.2000 1575.7000 1573.2000 1570.6000 1568.1000 1565.6000 1563.1000 1560.6000 1558.1000 1555.6000 1553.1000 1550.5000 1548.0000 1545.5000 1543.0000 1540.5000 1538.0000 1535.5000 1532.9000 1530.4000 1527.9000 1525.4000 1522.9000 1520.4000 1517.9000 1515.4000 1512.8000 1510.3000 1507.8000 1505.3000 1502.8000 1500.3000 1497.8000 1495.3000 1492.7000 1490.2000 1487.7000 1487.7000 1490.2000 1492.7000 1495.3000 1497.8000 1500.3000 1502.8000 1505.3000 1507.8000 1510.3000 1512.8000 1515.4000 1517.9000 1520.4000 1522.9000 1525.4000 1527.9000 1530.4000 1532.9000 1535.5000
1583.5000 1581.0000 1578.5000 1575.9000 1573.4000 1570.9000 1568.4000 1565.9000 1563.4000 1560.8000 1558.3000 1555.8000 1553.3000 1550.8000 1548.3000 1545.7000 1543.2000 1540.7000 1538.2000 1535.7000 1533.2000 1530.6000 1528.1000 1525.6000 1523.1000 1520.6000 1518.1000 1515.5000 1513.0000 1510.5000 1508.0000 1505.5000 1503.0000 1500.4000 1497.9000 1495.4000 1492.9000 1490.4000 1487.9000 1485.3000 1485.3000 1487.9000 1490.4000 1492.9000 1495.4000 1497.9000 1500.4000 1503.0000 1505.5000 1508.0000 1510.5000 1513.0000 1515.5000 1518.1000 1520.6000 1523.1000 1525.6000 1528.1000 1530.6000 1533.2000
1581.3000 1578.7000 1576.2000 1573.7000 1571.2000 1568.7000 1566.1000 1563.6000 1561.1000 1558.6000 1556.1000 1553.5000 1551.0000 1548.5000 1546.0000 1543.5000 1540.9000 1538.4000 1535.9000 1533.4000 1530.9000 1528.3000 1525.8000 1523.3000 1520.8000 1518.3000 1515.7000 1513.2000 1510.7000 1508.2000 1505.7000 1503.1000 1500.6000 1498.1000 1495.6000 1493.1000 1490.5000 1488.0000 1485.5000 1483.0000 1483.0000 1485.5000 1488.0000 1490.5000 1493.1000 1495.6000 1498.1000 1500.6000 1503.1000 1505.7000 1508.2000 1510.7000 1513.2000 1515.7000 1518.3000 1520.8000 1523.3000 1525.8000 1528.3000 1530.9000
1579.0000 1576.5000 1574.0000 1571.4000 1568.9000 1566.4000 1563.9000 1561.4000 1558.8000 1556.3000 1553.8000 1551.3000 1548.7000 1546.2000 1543.7000 1541.2000 1538.6000 1536.1000 1533.6000 1531.1000 1528.5000 1526.0000 1523.5000 1521.0000 1518.5000 1515.9000 1513.4000 1510.9000 1508.4000 1505.8000 1503.3000 1500.8000 1498.3000 1495.7000 1493.2000 1490.7000 1488.2000 1485.6000 1483.1000 1480.6000 1480.6000 1483.1000 1485.6000 1488.2000 1490.7000 1493.2000 1495.7000 1498.3000 1500.8000 1503.3000 1505.8000 1508.4000 1510.9000 1513.4000 1515.9000 1518.5000 1521.0000 1523.5000 1526.0000 1528.5000
1576.8000 1574.3000 1571.7000 1569.2000 1566.7000 1564.1000 1561.6000 1559.1000 1556.6000 1554.0000 1551.5000 1549.0000 1546.5000 1543.9000 1541.4000 1538.9000 1536.4000 1533.8000 1531.3000 1528.8000 1526.2000 1523.7000 1521.2000 1518.7000 1516.1000 1513.6000 1511.1000 1508.6000 1506.0000 1503.5000 1501.0000 1498.4000 1495.9000 1493.4000 1490.9000 1488.3000 1485.8000 1483.3000 1480.8000 1478.2000 1478.2000 1480.8000 1483.3000 1485.8000 1488.3000 1490.9000 1493.4000 1495.9000 1498.4000 1501.0000 1503.5000 1506.0000 1508.6000 1511.1000 1513.6000 1516.1000 1518.7000 1521.2000 1523.7000 1526.2000
1574.5000 1572.0000 1569.5000 1567.0000 1564.4000 1561.9000 1559.4000 1556.8000 1554.3000 1551.8000 1549.2000 1546.7000 1544.2000 1541.7000 1539.1000 1536.6000 1534.1000 1531.5000 1529.0000 1526.5000 1523.9000 1521.4000 1518.9000 1516.3000 1513.8000 1511.3000 1508.8000 1506.2000 1503.7000 1501.2000 1498.6000 1496.1000 1493.6000 1491.0000 1488.5000 1486.0000 1483.5000 1480.9000 1478.4000 1475.9000 1475.9000 1478.4000 1480.9000 1483.5000 1486.0000 1488.5000 1491.0000 1493.6000 1496.1000 1498.6000 1501.2000 1503.7000 1506.2000 1508.8000 1511.3000 1513.8000 1516.3000 1518.9000 1521.4000 1523.9000
