Dimension Analysis/Long/CA-TP3_Gini_0.81/dem_long.txt
ncols         320
nrows         500
xllcorner     100000
yllcorner     100000
cellsize      10
NODATA_value  -9999
[rows 442 to 467 of 500, columns 0 to 59 of 320]
1997.0956 1994.7332 1992.2767 1990.0171 1987.6205 1985.3041 1983.2527 1980.7496 1978.3083 1976.1524 1973.8885 1971.5805 1969.2968 1966.9525 1964.5229 1962.2095 1960.0786 1957.6046 1955.2906 1952.8949 1950.5142 1948.2625 1945.7120 1943.6710 1941.1786 1938.8712 1936.8076 1934.1965 1932.1140 1929.5596 1927.4040 1924.8702 1922.5405 1920.4714 1918.0034 1916.0461 1913.6385 1910.9613 1908.6950 1906.3055 1904.0737 1901.7288 1899.3853 1897.3569 1894.9894 1892.5844 1890.4944 1887.9779 1885.7658 1883.6151 1881.0122 1878.9274 1876.3907 1874.1233 1871.6551 1869.2262 1867.0799 1865.0537 1862.5940 1860.2787
1995.4166 1993.1219 1990.7008 1988.0156 1985.8760 1983.6609 1981.4071 1979.1020 1976.5586 1974.5425 1971.7735 1969.6353 1967.5090 1965.1914 1962.7658 1960.1816 1957.9767 1955.7168 1953.6450 1950.9590 1948.9853 1946.3290 1944.3557 1942.0303 1939.3240 1937.2395 1934.6414 1932.4455 1930.4246 1928.1028 1925.3668 1923.4914 1920.9806 1918.7629 1916.0611 1914.1192 1911.7342 1909.3697 1906.7760 1904.5701 1902.4141 1899.9049 1897.5964 1895.3442 1893.2530 1890.9617 1888.3899 1886.1144 1883.9932 1881.2789 1879.2241 1877.0806 1874.6970 1872.4024 1869.9421 1867.6954 1865.3371 1863.0007 1860.4806 1858.5009
1993.5744 1991.0240 1988.9752 1986.6089 1984.4384 1981.9887 1979.4577 1977.0590 1974.9239 1972.4733 1970.1005 1968.0523 1965.7008 1963.0779 1961.0348 1958.4210 1956.3231 1953.8896 1951.6202 1949.2889 1946.8017 1944.6214 1942.5172 1940.1463 1937.6396 1935.1637 1932.9637 1930.7975 1928.5578 1926.1159 1923.9773 1921.2214 1919.1165 1916.8559 1914.2717 1912.0929 1909.8002 1907.4584 1905.2886 1902.9773 1900.6406 1898.1176 1896.0215 1893.5466 1891.4517 1888.8952 1886.5126 1884.2724 1882.0980 1879.5224 1877.2307 1874.8698 1872.5104 1870.1563 1867.8437 1865.4280 1863.5869 1861.2317 1858.6819 1856.3812
1991.6966 1989.6674 1987.1656 1985.0286 1982.6174 1980.0891 1977.7403 1975.6711 1973.0900 1970.8775 1968.4227 1966.2502 1964.0023 1961.6187 1959.4150 1956.7296 1954.7496 1952.0745 1949.7030 1947.6915 1945.1604 1942.7553 1940.7733 1938.3866 1936.1110 1933.6969 1931.3706 1928.7754 1926.5032 1924.4173 1921.7465 1919.3750 1917.4304 1914.9213 1912.7045 1910.2498 1907.8035 1905.7185 1903.3866 1900.8804 1898.7626 1896.1220 1894.0820 1891.5484 1889.6032 1886.9330 1884.5005 1882.2231 1879.8915 1877.7210 1875.3339 1873.0546 1870.7860 1868.5564 1865.8733 1863.6458 1861.5730 1859.1521 1856.8687 1854.4610
1990.2393 1987.4779 1985.6079 1982.9242 1980.4973 1978.2777 1976.0979 1973.5911 1971.2393 1969.3057 1966.7695 1964.4770 1962.3179 1959.8907 1957.5775 1954.8506 1952.7044 1950.2616 1948.2116 1945.9460 1943.4937 1941.1511 1938.7546 1936.3694 1933.9904 1931.6108 1929.4187 1926.9300 1924.5945 1922.2280 1919.9970 1917.9539 1915.3597 1913.1903 1910.8039 1908.6744 1906.3409 1903.6907 1901.2739 1899.1698 1896.9125 1894.5257 1892.2712 1889.7975 1887.2897 1884.9911 1882.7053 1880.3370 1878.3714 1875.6433 1873.6503 1871.1352 1868.9530 1866.4944 1864.0570 1861.8001 1859.6762 1857.0908 1854.7362 1852.4028
1988.2877 1986.0411 1983.5140 1981.3438 1979.1882 1976.6424 1974.4300 1971.7387 1969.5735 1967.1240 1964.7912 1962.6197 1960.4993 1957.8416 1955.4449 1953.5003 1951.1518 1948.8823 1946.4585 1943.7485 1941.8272 1939.3192 1936.9743 1934.6148 1932.4282 1929.9322 1927.7921 1925.1247 1923.1991 1920.8545 1918.3136 1916.1592 1913.6412 1911.2910 1909.1099 1906.7076 1904.2515 1901.9454 1899.4225 1897.0814 1894.7488 1892.7172 1890.0681 1887.9973 1885.4005 1883.3178 1880.9917 1878.5588 1876.0773 1873.9068 1871.8036 1869.5123 1867.1387 1864.3736 1862.3512 1859.8945 1857.7058 1855.3929 1853.0249 1850.3987
1986.5818 1984.3443 1981.7154 1979.5456 1977.3831 1974.8573 1972.8033 1970.3199 1967.9829 1965.7597 1963.4496 1960.7794 1958.3717 1955.9815 1953.8876 1951.4858 1949.0997 1946.9377 1944.4012 1942.1104 1939.8412 1937.5423 1935.4037 1933.0401 1930.3061 1928.3427 1925.9610 1923.7351 1921.0700 1919.0492 1916.4311 1914.2444 1911.8133 1909.3955 1907.3373 1905.0105 1902.2860 1899.9595 1897.9394 1895.4055 1892.8577 1890.9842 1888.3319 1886.3024 1883.8170 1881.4862 1879.3208 1876.8604 1874.6143 1871.8219 1869.9066 1867.6115 1865.1964 1862.6974 1860.5129 1858.1285 1855.9320 1853.1390 1850.9795 1848.7614
1985.0954 1982.4975 1980.3066 1977.7781 1975.6459 1973.2577 1970.9215 1968.2622 1966.1967 1964.0069 1961.3013 1959.2050 1956.9000 1954.6344 1952.2532 1949.6533 1947.4389 1945.1958 1942.6664 1940.3700 1938.0836 1935.7752 1933.3197 1931.2290 1928.8787 1926.5618 1923.9716 1921.7792 1919.4360 1917.1051 1914.7005 1912.1623 1910.2138 1907.5005 1905.3152 1902.9523 1900.7166 1898.1617 1895.8616 1893.8003 1891.2033 1888.6768 1886.5338 1884.1735 1881.7442 1879.3881 1877.4140 1874.8472 1872.7536 1870.1559 1867.8857 1865.7075 1863.2724 1860.8020 1858.3242 1855.9208 1853.8682 1851.6520 1849.2518 1846.9727
1983.2471 1980.8788 1978.3690 1976.3306 1973.8885 1971.5007 1968.9134 1966.8762 1964.4485 1962.1234 1959.9064 1957.1485 1955.1965 1952.4569 1950.2854 1947.8611 1945.7671 1943.1326 1941.1130 1938.8459 1936.2051 1934.1707 1931.7091 1929.0532 1926.8978 1924.3955 1922.3599 1919.9386 1917.7301 1915.0255 1913.0779 1910.3459 1908.0934 1905.8840 1903.2518 1901.0454 1898.7915 1896.4477 1894.0485 1891.8275 1889.5042 1887.2541 1884.7539 1882.2847 1879.8844 1877.5366 1875.4179 1873.2236 1870.5744 1868.4639 1865.7032 1863.3918 1861.2271 1858.9505 1856.4828 1854.3116 1852.0832 1849.3249 1847.4413 1844.8820
1981.5107 1978.9344 1976.8807 1974.5226 1972.1458 1969.7042 1967.3847 1965.2053 1962.6705 1960.1669 1957.7979 1955.4889 1953.3419 1951.0851 1948.5669 1946.0903 1943.9515 1941.4544 1939.0532 1936.6436 1934.5000 1932.1381 1929.5833 1927.5881 1924.9196 1922.5216 1920.4483 1917.9977 1915.8362 1913.3162 1911.1747 1908.6488 1906.2575 1904.1279 1901.4008 1899.3315 1896.7812 1894.7775 1892.0639 1890.0599 1887.4141 1885.2702 1882.7397 1880.3998 1878.3163 1875.5761 1873.6011 1871.2806 1868.6142 1866.3812 1864.0694 1861.6034 1859.1911 1856.9944 1854.4384 1852.4649 1849.9072 1847.7677 1845.2452 1842.9239
1979.7902 1977.4836 1975.0908 1972.8719 1970.5516 1968.0347 1965.5772 1963.1887 1960.8114 1958.3566 1956.2364 1954.0764 1951.7035 1949.1222 1946.6115 1944.4393 1941.8791 1939.9752 1937.2090 1935.0003 1932.4714 1930.4212 1927.8254 1925.4338 1923.1079 1921.1777 1918.3473 1916.1368 1914.1424 1911.6161 1908.9472 1906.6949 1904.2878 1902.3685 1899.7290 1897.2888 1895.2372 1892.6977 1890.1844 1888.2700 1885.8346 1883.5463 1881.1267 1878.8161 1876.4532 1874.0814 1871.5695 1869.2977 1866.9091 1864.4009 1862.1172 1860.0571 1857.2958 1854.8968 1852.8721 1850.4657 1848.3120 1845.6691 1843.4754 1841.2129
1978.0601 1975.3990 1973.3436 1970.8820 1968.7395 1966.2947 1964.0374 1961.7256 1959.1037 1956.8718 1954.2253 1952.0799 1949.7379 1947.5711 1944.8706 1942.4559 1940.2723 1937.9520 1935.5257 1933.2233 1930.8354 1928.6475 1926.3657 1923.8036 1921.5948 1919.0845 1916.7512 1914.5267 1911.8667 1909.9584 1907.2513 1904.8523 1902.5051 1900.1945 1897.7341 1895.7872 1893.4635 1891.0435 1888.6977 1886.1705 1883.8037 1881.7027 1879.3698 1876.7641 1874.1833 1872.2747 1869.8296 1867.2965 1864.8903 1862.4210 1860.3004 1857.8658 1855.5365 1853.0221 1850.7240 1848.7377 1846.3764 1843.6091 1841.3724 1839.0224
1976.2996 1973.8884 1971.3844 1969.0406 1966.8945 1964.4439 1962.0571 1959.8915 1957.4842 1955.2628 1952.7061 1950.3381 1947.7998 1945.7278 1943.5209 1940.7092 1938.6087 1935.9841 1933.8701 1931.5214 1928.9733 1926.8907 1924.3120 1922.0127 1919.5635 1917.5143 1915.0208 1912.5409 1910.0256 1907.7036 1905.7699 1903.1872 1900.9375 1898.6327 1896.1680 1893.7228 1891.4411 1888.9904 1886.7109 1884.3143 1882.0327 1879.6436 1877.2127 1874.9114 1872.3745 1870.1089 1867.7745 1865.2708 1863.2723 1860.6094 1858.3788 1855.8549 1853.7097 1851.2854 1848.8344 1846.7230 1844.2028 1841.7453 1839.3933 1837.1253
1974.6685 1972.2989 1969.8610 1967.6367 1965.0925 1962.8711 1960.1731 1957.9104 1955.6757 1953.3129 1950.9835 1948.7067 1946.4752 1944.0684 1941.6726 1939.2411 1936.5807 1934.5070 1932.2757 1929.7298 1927.3744 1925.1814 1922.6232 1920.0567 1917.8331 1915.7294 1912.9922 1910.9001 1908.5142 1906.1792 1903.6907 1901.2471 1899.1258 1896.6689 1894.3724 1891.9970 1889.5274 1887.3469 1884.7915 1882.2309 1880.3409 1877.6745 1875.3397 1872.8263 1870.4297 1868.2808 1866.0459 1863.6596 1861.3286 1858.9268 1856.5525 1854.1384 1851.9521 1849.3267 1847.2552 1844.5645 1842.5603 1840.0966 1837.4828 1835.0141
1972.8656 1970.4709 1968.1407 1965.5805 1963.2204 1960.8418 1958.6900 1956.3724 1954.0579 1951.5438 1949.1404 1947.0671 1944.4194 1942.2604 1939.8135 1937.4886 1935.1420 1932.6666 1930.5211 1927.9685 1925.6362 1923.3526 1920.8349 1918.5510 1915.9929 1913.6314 1911.3807 1909.1656 1906.6022 1904.0938 1901.8679 1899.4626 1897.3465 1894.9902 1892.5801 1890.0705 1887.4803 1885.1464 1883.0727 1880.5060 1878.1119 1875.6702 1873.3534 1871.3816 1868.7203 1866.2892 1864.0588 1861.7732 1859.5848 1856.8902 1854.5559 1852.1947 1849.9661 1847.3578 1844.9662 1843.0275 1840.6149 1838.0654 1835.7576 1833.2268
1971.0688 1968.8560 1966.5051 1964.0560 1961.7867 1959.2835 1956.9172 1954.2994 1952.1894 1949.9657 1947.6715 1945.0780 1942.8098 1940.4297 1937.9264 1935.3945 1933.4531 1930.8514 1928.7101 1926.3657 1923.7336 1921.5902 1919.0088 1916.7383 1914.4532 1912.0063 1909.5301 1907.1244 1904.9573 1902.6739 1900.0252 1897.8195 1895.1705 1893.0695 1890.6750 1888.0397 1885.9958 1883.4326 1881.0520 1878.6987 1876.4620 1874.0426 1871.8449 1869.5428 1866.7978 1864.7504 1862.2251 1860.0250 1857.3632 1855.3380 1852.5962 1850.1716 1847.8302 1845.7361 1843.2411 1841.0808 1838.6737 1835.9352 1833.9731 1831.4659
1969.2794 1967.2568 1964.6750 1962.5184 1960.0579 1957.3096 1955.1841 1953.0007 1950.3411 1947.8869 1945.8033 1943.0835 1941.0030 1938.5509 1936.3878 1933.8056 1931.5149 1929.0768 1926.7816 1924.3787 1922.1820 1919.6495 1917.3082 1914.7824 1912.4143 1909.9146 1907.7473 1905.3010 1902.9860 1900.6209 1898.2954 1895.8160 1893.6590 1890.9098 1888.8989 1886.1840 1884.2008 1881.5217 1879.1977 1877.0654 1874.5502 1872.3717 1869.9919 1867.5158 1864.9040 1862.7366 1860.4255 1858.1125 1855.5415 1853.2110 1850.6986 1848.5186 1846.2353 1843.8556 1841.1565 1839.1773 1836.5248 1834.3146 1831.7739 1829.6515
1967.8039 1965.3815 1962.6790 1960.6924 1958.2817 1955.7181 1953.5131 1950.8514 1948.6443 1946.4778 1944.1709 1941.7458 1939.2894 1936.7290 1934.3535 1932.2985 1929.5339 1927.1745 1925.1480 1922.6278 1920.3712 1918.0488 1915.6784 1913.2861 1910.4762 1908.3171 1906.0700 1903.4741 1900.9968 1898.9992 1896.5205 1893.8783 1891.5011 1889.3520 1886.7169 1884.3606 1881.9827 1880.0379 1877.2727 1875.1695 1872.8018 1870.2594 1868.0640 1865.4848 1863.4064 1860.9100 1858.4484 1856.2129 1853.6508 1851.3640 1848.8766 1846.5191 1844.0474 1841.7376 1839.5646 1836.8524 1834.5877 1832.4904 1829.8184 1827.4808
1966.0700 1963.5981 1961.1260 1958.6211 1956.2199 1953.8275 1951.7270 1949.2132 1946.9592 1944.5375 1941.9945 1939.7771 1937.2303 1934.9424 1932.7376 1930.1171 1927.7416 1925.6649 1923.1824 1920.6524 1918.4847 1915.7874 1913.6282 1911.3547 1908.8885 1906.6199 1904.1327 1901.8267 1899.5775 1896.8166 1894.8157 1892.2286 1890.0441 1887.4825 1885.1571 1882.5700 1880.1812 1878.0605 1875.6055 1873.4703 1871.0857 1868.6450 1866.1551 1863.6771 1861.5065 1858.9669 1856.5392 1854.2820 1851.9418 1849.4858 1847.1735 1844.8191 1842.5152 1840.0710 1837.6458 1835.2232 1832.9398 1830.2986 1827.9206 1825.8775
1964.2447 1961.8399 1959.3579 1956.8667 1954.8863 1952.4237 1949.7116 1947.3245 1944.9974 1942.6666 1940.4698 1938.2636 1935.7919 1933.3803 1930.8236 1928.2966 1926.1020 1923.6941 1921.5904 1919.0722 1916.8476 1914.2620 1911.9862 1909.2263 1907.1007 1904.8371 1902.2291 1900.0637 1897.8029 1895.1002 1892.6843 1890.2590 1888.0782 1885.4791 1883.1606 1881.0992 1878.6883 1876.3126 1873.7619 1871.4696 1869.2348 1866.3985 1864.0051 1861.9338 1859.6193 1857.3037 1854.4661 1852.2797 1850.0178 1847.3548 1845.1905 1842.6229 1840.3371 1838.0846 1835.7466 1833.3692 1831.0379 1828.6863 1826.0076 1823.8250
1962.5846 1959.9830 1957.5189 1955.4266 1952.9255 1950.4477 1948.3356 1945.7326 1943.2645 1941.0177 1938.8785 1936.4995 1933.8098 1931.3282 1929.2845 1926.8353 1924.2025 1921.7471 1919.6728 1917.2160 1914.8482 1912.5609 1910.1220 1907.4198 1905.1542 1903.0191 1900.7613 1898.2029 1895.8465 1893.2197 1890.9273 1888.7213 1885.9698 1883.8899 1881.4093 1878.9733 1876.8428 1874.2288 1872.0987 1869.6177 1867.3780 1864.9191 1862.4578 1860.0850 1857.3612 1855.2363 1852.6795 1850.6338 1848.1703 1845.5553 1843.1372 1840.9080 1838.7315 1835.9699 1833.7588 1831.2991 1828.7929 1826.7204 1824.1338 1821.9277
1960.9394 1958.1881 1956.2059 1953.6186 1951.2643 1949.0887 1946.2540 1943.8387 1941.7882 1939.2644 1936.7611 1934.5552 1932.0464 1929.8537 1927.5922 1924.7675 1922.4954 1920.2654 1917.6052 1915.3365 1913.0412 1910.8274 1908.0829 1906.0010 1903.6428 1901.2668 1898.5627 1896.3540 1893.9262 1891.2979 1889.0642 1886.9060 1884.1716 1881.9135 1879.5340 1877.1362 1874.7722 1872.2237 1870.0987 1867.6414 1865.3436 1863.0196 1860.3537 1858.1626 1855.6019 1853.1799 1850.7485 1848.4033 1846.0762 1843.7245 1841.4611 1838.8940 1836.6719 1834.1192 1831.6995 1829.6724 1827.0451 1824.5052 1822.0577 1819.7809
1959.2664 1956.7098 1954.2954 1952.0551 1949.2759 1946.9004 1944.6367 1942.4811 1939.7622 1937.5897 1935.1918 1932.9977 1930.1542 1927.8499 1925.3639 1923.0979 1920.6175 1918.5334 1916.1345 1913.7770 1911.3645 1908.8978 1906.5139 1904.2841 1901.5498 1899.3214 1897.1290 1894.3622 1891.8812 1889.7071 1887.1476 1885.0475 1882.6758 1880.3953 1877.8096 1875.2717 1872.9125 1870.6892 1868.3962 1866.0291 1863.5650 1860.9205 1858.6849 1856.1196 1853.6302 1851.5547 1849.0913 1846.5203 1844.1484 1841.6720 1839.4110 1837.3611 1834.6953 1832.5866 1829.7623 1827.6708 1824.9551 1822.6501 1820.4671 1818.2235
1957.2543 1954.8829 1952.4675 1950.0339 1947.9482 1945.5596 1943.0879 1940.5865 1938.0049 1935.8957 1933.4184 1931.0745 1928.7149 1926.1226 1923.7765 1921.6424 1919.0773 1916.4816 1914.0132 1912.0581 1909.3062 1906.8330 1904.6806 1902.3749 1899.9168 1897.4141 1894.8911 1892.5900 1890.1302 1887.7794 1885.7375 1883.2184 1880.8564 1878.2738 1876.0323 1873.7687 1871.0395 1868.5177 1866.2293 1863.7461 1861.6362 1859.3663 1856.8986 1854.4035 1851.7548 1849.4719 1847.2231 1844.9661 1842.3957 1840.0848 1837.7140 1835.2733 1832.8512 1830.6499 1828.0251 1825.6484 1823.2022 1820.9011 1818.3714 1815.8851
1955.7174 1953.0806 1950.8215 1948.3343 1945.8688 1943.5510 1941.4532 1938.7000 1936.6104 1934.1666 1931.5530 1929.2519 1926.8748 1924.5259 1921.9863 1919.8726 1917.2235 1914.9177 1912.4480 1910.0074 1907.4866 1905.2806 1902.7019 1900.4472 1898.2635 1895.7096 1893.5052 1890.7740 1888.5899 1886.2233 1883.4707 1881.4285 1878.7884 1876.5858 1874.2932 1871.9074 1869.1184 1866.7081 1864.7095 1862.3559 1859.7720 1857.1269 1855.0634 1852.5574 1850.1974 1847.5408 1845.3388 1842.9610 1840.5366 1837.9393 1835.5086 1833.3623 1830.9233 1828.5321 1826.2477 1823.7819 1821.3230 1819.1428 1816.6256 1814.1983
1953.8925 1951.6580 1949.1718 1946.5640 1944.4270 1941.9933 1939.4734 1937.0778 1934.5365 1932.5014 1929.9000 1927.3491 1925.0761 1922.4663 1920.4611 1917.9240 1915.3575 1912.9062 1910.7595 1908.4728 1905.9531 1903.2452 1900.9290 1898.6472 1896.2447 1893.8331 1891.3053 1889.1510 1886.6556 1884.5159 1881.9604 1879.2984 1876.8874 1874.6316 1872.0957 1869.7126 1867.5711 1864.8367 1862.4911 1860.3696 1857.7587 1855.4788 1853.0918 1850.4178 1848.1194 1846.0738 1843.3607 1840.9076 1838.4885 1836.2434 1833.8543 1831.2549 1829.1687 1826.5538 1824.2072 1821.9660 1819.6366 1816.9538 1814.4867 1812.2531
