Dimension Analysis/Long/CA-TP3_Gini_0.81/dem_long.txt
ncols         320
nrows         500
xllcorner     100000
yllcorner     100000
cellsize      10
NODATA_value  -9999
[rows 0 to 25 of 500, columns 120 to 179 of 320]
2657.4766 2656.6180 2655.4822 2654.7749 2654.0982 2652.8364 2652.0037 2651.3561 2650.4288 2649.5554 2648.9550 2647.9005 2647.4126 2646.3237 2645.3351 2644.6587 2643.7707 2643.0549 2642.3048 2641.4481 2640.6153 2639.4514 2638.7306 2637.8198 2637.2237 2636.2560 2635.5265 2634.6075 2633.9622 2632.9045 2632.0876 2631.2505 2630.6712 2629.8019 2628.9333 2628.1158 2626.9510 2626.4691 2625.2418 2624.6719 2624.6426 2625.4169 2626.4816 2627.2076 2627.9401 2628.6642 2629.7494 2630.6259 2631.4670 2632.1166 2632.9932 2633.8122 2634.7322 2635.3682 2636.5194 2637.0589 2637.9396 2638.8161 2639.7743 2640.7368
2655.1037 2654.5150 2653.2806 2652.4557 2651.7617 2650.8861 2650.2064 2649.0781 2648.5911 2647.8114 2646.8161 2646.0556 2644.8110 2644.3758 2643.3849 2642.3662 2641.9111 2640.9008 2639.7875 2639.1526 2638.4358 2637.5717 2636.6266 2635.8562 2634.8295 2634.2494 2633.3846 2632.3372 2631.3680 2630.8288 2629.7985 2629.2220 2628.2764 2627.1951 2626.6646 2625.6655 2624.8797 2624.2879 2623.2892 2622.5397 2622.2594 2623.4237 2623.8263 2625.0273 2625.9047 2626.7128 2627.2433 2628.0775 2628.9006 2629.7194 2630.6583 2631.5828 2632.6768 2633.1353 2634.3420 2634.9437 2635.7555 2636.6835 2637.6325 2638.4635
2653.0678 2652.3596 2651.3188 2650.5505 2649.8656 2648.9906 2648.0445 2647.0883 2646.2948 2645.4319 2644.4567 2643.5396 2642.9331 2642.2121 2641.3778 2640.3992 2639.3113 2638.7597 2637.7658 2636.9297 2636.3235 2635.2312 2634.5324 2633.5296 2632.6039 2631.8513 2631.0026 2630.3680 2629.5918 2628.5214 2627.4920 2626.8634 2626.1005 2625.3320 2624.2060 2623.2416 2622.7591 2621.7801 2620.9865 2619.9065 2620.0195 2620.8811 2621.8621 2622.5846 2623.5991 2624.3592 2625.0350 2626.1683 2626.9004 2627.4644 2628.3845 2629.4380 2630.2236 2631.0607 2631.9907 2632.5839 2633.3841 2634.4350 2635.1123 2636.2552
2651.0666 2650.0065 2648.9484 2648.5535 2647.4679 2646.4714 2645.6956 2645.0980 2644.0595 2643.3945 2642.4617 2641.5560 2640.8598 2639.6605 2639.1394 2638.3204 2637.2159 2636.5423 2635.4531 2634.8517 2634.1288 2633.1432 2632.0369 2631.4794 2630.5168 2629.9281 2629.0571 2628.1739 2627.3818 2626.4670 2625.4343 2624.7370 2623.6402 2623.0721 2621.8475 2621.2624 2620.3238 2619.5651 2618.4644 2618.0269 2617.7330 2618.7740 2619.4634 2620.5546 2621.3436 2621.8633 2622.9639 2623.9117 2624.5452 2625.6622 2626.1399 2627.4038 2628.2620 2629.0833 2629.5094 2630.5454 2631.2243 2632.3472 2633.2645 2634.0906
2648.6217 2648.0539 2646.9577 2646.1209 2645.1665 2644.6753 2643.8414 2642.9714 2642.0490 2641.0384 2640.0287 2639.5292 2638.5971 2637.6144 2636.9408 2636.1049 2635.3206 2634.1852 2633.6126 2632.4518 2631.5263 2630.9921 2630.0206 2629.3278 2628.4897 2627.5819 2626.7341 2625.6604 2625.1845 2623.9173 2623.2208 2622.4711 2621.6620 2620.8015 2619.8417 2619.1265 2618.3511 2617.2377 2616.3810 2615.4035 2615.4561 2616.5085 2617.4624 2617.9151 2618.8371 2620.0169 2620.6039 2621.5808 2622.4058 2623.2199 2624.2469 2625.0404 2625.9766 2626.6440 2627.4101 2628.5062 2629.0397 2629.9190 2630.8272 2631.5707
2646.8112 2645.7043 2645.0496 2643.9998 2643.3061 2642.4257 2641.3701 2640.5388 2639.8850 2639.0397 2638.3277 2637.4339 2636.3800 2635.5167 2634.5230 2633.7600 2632.8757 2632.3077 2631.0405 2630.5910 2629.4654 2628.9622 2627.8052 2626.8245 2625.9236 2625.3507 2624.6216 2623.7440 2622.8012 2621.8739 2620.8877 2619.9618 2619.5775 2618.3769 2617.8236 2616.6755 2615.8266 2614.9593 2614.2465 2613.2870 2613.5430 2614.0347 2615.0385 2615.7742 2616.8112 2617.8251 2618.2366 2619.3919 2620.0448 2620.9463 2622.1156 2622.5462 2623.7661 2624.3868 2625.4306 2626.3891 2627.0240 2628.0147 2628.6394 2629.4989
2644.3815 2643.7392 2643.0050 2641.9660 2640.9646 2639.9975 2639.5930 2638.5844 2637.8854 2636.9450 2635.8363 2635.0001 2634.4226 2633.1845 2632.4726 2631.7666 2630.6607 2629.9907 2629.0370 2628.2258 2627.3427 2626.3001 2625.8733 2624.9766 2624.1835 2623.0699 2622.2033 2621.3595 2620.6078 2619.9170 2618.7531 2617.9003 2616.9760 2616.0746 2615.4559 2614.2909 2613.6574 2612.9554 2611.7972 2611.1874 2611.2929 2612.1850 2612.8116 2613.5680 2614.4553 2615.1682 2616.2106 2616.9971 2618.1862 2618.6491 2619.5091 2620.6952 2621.1649 2622.2335 2623.1318 2624.1285 2624.6163 2625.5595 2626.3764 2627.6032
2642.6333 2641.3324 2640.5754 2639.8243 2638.8167 2638.2892 2637.4713 2636.1475 2635.6278 2634.8263 2633.7047 2632.7845 2631.8519 2631.4120 2630.3212 2629.4931 2628.5495 2627.6281 2626.8987 2626.1359 2625.4310 2624.4964 2623.2805 2622.6835 2621.8424 2620.8450 2620.0974 2619.1414 2618.4776 2617.5547 2616.6414 2615.5482 2614.9351 2613.8768 2613.2107 2612.1256 2611.5909 2610.3699 2609.8435 2608.9843 2608.8926 2609.5919 2610.5294 2611.3062 2612.2020 2613.3090 2613.8769 2615.0241 2615.6720 2616.5621 2617.3180 2618.3917 2619.0917 2619.9018 2620.6421 2621.5906 2622.6900 2623.3037 2624.3694 2625.0390
2640.4601 2639.3064 2638.5658 2637.9285 2636.5717 2635.9970 2635.0960 2634.1081 2633.4697 2632.3275 2631.8157 2630.9922 2629.8720 2629.1710 2628.1895 2627.3663 2626.5227 2625.5903 2624.8642 2623.6196 2623.1191 2622.3180 2621.0978 2620.3938 2619.5666 2618.5466 2617.6127 2616.7666 2616.1535 2615.4401 2614.4537 2613.4573 2612.4098 2611.6395 2610.7906 2609.9295 2609.3130 2608.2900 2607.2549 2606.7277 2606.5516 2607.2363 2608.1380 2608.9364 2609.9157 2611.1416 2611.5351 2612.4862 2613.5568 2614.2245 2615.2922 2616.0830 2617.1150 2617.5762 2618.9259 2619.5375 2620.5253 2621.2464 2621.9172 2622.7730
2638.2522 2637.4788 2636.2896 2635.5881 2634.6533 2634.0224 2632.8667 2632.2858 2631.3248 2630.3021 2629.2374 2628.6699 2627.9825 2626.9900 2626.1480 2624.9267 2624.1289 2623.2725 2622.7382 2621.7569 2620.8537 2620.0961 2619.1802 2618.1539 2617.5360 2616.6077 2615.3968 2614.6009 2613.9833 2612.8507 2611.9916 2611.0405 2610.2524 2609.5496 2608.7184 2607.6731 2607.1374 2606.2495 2605.3281 2604.2444 2604.2802 2605.4223 2606.0896 2606.8094 2607.8533 2608.6649 2609.7874 2610.2007 2611.5164 2612.2622 2613.0419 2613.8114 2614.8392 2615.5066 2616.6583 2617.3799 2618.4298 2619.2903 2620.1067 2620.7859
2636.0433 2635.1354 2634.3965 2633.5780 2632.4027 2631.4791 2630.8664 2630.1196 2628.8685 2628.4313 2627.5194 2626.6890 2625.5553 2624.9328 2623.9222 2622.9867 2622.2815 2621.0981 2620.4876 2619.5752 2618.4154 2617.6411 2617.0510 2615.8829 2615.2035 2614.4422 2613.4057 2612.4350 2611.5167 2610.6447 2609.8095 2609.2236 2608.3259 2607.2731 2606.2227 2605.7404 2604.5092 2603.9534 2603.1172 2602.0053 2601.8750 2602.7730 2603.8267 2604.7600 2605.5659 2606.4744 2607.1473 2608.1150 2608.8030 2609.8387 2610.8209 2611.7696 2612.6962 2613.3915 2614.1371 2615.3449 2615.8663 2616.6975 2617.6682 2618.4685
2633.9018 2633.2661 2631.9262 2631.0605 2630.4443 2629.4658 2628.4208 2627.7478 2627.0191 2625.9481 2625.1897 2624.5344 2623.6048 2622.4119 2621.8193 2620.8602 2620.1502 2618.8919 2618.1260 2617.1240 2616.4801 2615.5189 2614.4930 2613.9679 2612.7739 2612.1444 2611.0103 2610.3299 2609.6170 2608.3899 2607.8730 2606.9513 2605.9767 2604.9738 2604.0922 2603.3821 2602.3017 2601.5751 2600.9260 2599.8095 2599.6825 2600.4756 2601.3635 2602.2278 2603.5680 2604.2986 2605.0366 2606.1137 2606.6021 2607.9025 2608.6844 2609.6503 2610.5197 2610.9590 2612.1429 2612.7728 2613.6396 2614.6024 2615.5336 2616.6229
2631.8385 2631.0139 2629.7776 2629.2582 2628.3007 2627.5221 2626.3342 2625.4715 2624.9871 2624.0016 2623.1426 2622.2757 2621.2045 2620.1428 2619.2646 2618.6796 2617.5240 2617.1196 2615.9737 2615.1577 2614.4729 2613.3792 2612.4863 2611.5087 2610.7691 2610.0667 2609.1637 2608.3175 2607.1250 2606.3940 2605.6937 2604.6923 2603.7390 2602.6597 2601.9076 2601.0509 2600.3705 2599.3957 2598.7058 2597.4204 2597.4771 2598.6731 2599.2800 2600.1566 2601.3367 2601.8690 2602.7366 2603.8723 2604.6637 2605.7148 2606.1327 2607.2976 2607.9431 2609.1850 2609.7286 2610.6826 2611.6571 2612.7204 2613.3573 2614.3139
2629.5755 2628.8205 2628.0353 2627.2061 2626.3802 2625.3516 2624.4713 2623.5757 2622.7370 2621.8530 2620.6805 2619.7503 2618.8702 2618.3601 2617.1504 2616.5851 2615.4969 2614.9284 2613.9112 2612.6916 2611.9406 2610.9407 2610.2286 2609.6205 2608.2868 2607.4517 2606.8209 2605.7412 2604.9914 2604.1537 2603.1207 2602.4126 2601.5501 2600.4614 2599.7113 2598.6467 2597.7696 2597.1490 2596.0290 2595.3915 2595.5000 2596.0267 2596.9523 2597.8428 2598.6159 2599.7536 2600.7313 2601.6745 2602.3664 2603.0922 2604.0588 2605.1483 2605.9394 2606.9603 2607.5312 2608.4446 2609.6391 2610.1263 2611.0175 2611.9102
2627.4875 2626.7604 2625.9064 2624.7718 2623.9721 2622.9781 2621.9807 2621.3335 2620.3946 2619.7565 2618.9021 2617.7259 2616.6970 2615.9079 2615.1402 2614.3089 2613.2638 2612.4146 2611.5440 2610.7581 2609.9644 2609.0187 2608.2235 2607.4321 2606.5078 2605.2081 2604.5102 2603.7793 2602.8734 2601.9027 2600.8252 2600.2386 2599.3916 2598.4034 2597.3662 2596.6059 2595.4870 2594.9468 2594.0366 2592.9147 2593.0227 2594.1341 2594.7425 2595.5861 2596.5498 2597.5185 2598.3995 2599.0554 2600.0324 2601.1909 2601.9231 2602.9134 2603.4920 2604.6509 2605.6006 2606.5141 2607.1952 2607.9208 2608.7987 2609.8922
2625.2929 2624.3745 2623.5324 2622.7854 2622.0470 2621.2113 2620.1182 2619.0013 2618.3016 2617.4418 2616.6304 2615.5441 2614.6845 2614.0405 2613.2294 2612.0614 2611.2715 2610.4994 2609.5546 2608.3190 2607.6170 2606.7736 2606.1453 2604.8439 2604.3563 2603.1300 2602.2935 2601.3595 2600.5758 2599.7595 2598.7061 2597.6750 2596.7867 2596.0481 2595.1088 2594.4658 2593.2613 2592.3826 2591.6039 2590.6158 2590.8287 2591.7560 2592.6447 2593.7239 2594.3713 2595.4227 2596.0372 2597.1408 2597.7061 2598.5808 2599.8049 2600.3964 2601.6206 2602.1431 2603.3428 2604.1138 2604.8565 2605.9069 2606.6729 2607.7753
2623.1664 2622.5713 2621.5865 2620.4712 2619.5074 2618.7889 2617.8539 2616.9493 2616.3173 2615.2192 2614.2033 2613.4532 2612.6088 2611.6841 2610.8595 2609.8173 2608.8015 2608.0662 2607.0951 2606.4592 2605.3609 2604.5309 2603.5493 2602.7295 2601.7106 2601.2572 2599.9627 2599.0585 2598.1342 2597.2570 2596.5204 2595.6475 2594.9467 2593.9445 2592.8316 2592.3226 2591.4152 2590.4119 2589.4930 2588.7380 2588.5157 2589.6974 2590.4566 2590.9897 2592.2394 2593.1601 2594.0659 2594.6284 2595.5439 2596.4064 2597.6899 2598.5499 2599.2384 2600.0884 2600.8445 2601.6989 2602.9709 2603.7004 2604.8195 2605.5919
2621.1046 2620.3094 2619.3488 2618.3172 2617.7163 2616.4495 2615.6494 2614.6930 2613.7660 2613.2793 2612.3495 2611.5616 2610.2385 2609.6307 2608.5907 2607.9612 2606.9956 2606.1249 2605.1446 2604.3415 2603.4567 2602.5037 2601.7216 2600.6259 2599.8996 2598.6560 2598.1524 2596.9794 2596.0331 2595.0634 2594.5094 2593.4783 2592.4816 2591.4983 2590.8113 2589.6369 2588.9442 2588.0392 2587.0663 2586.5596 2586.0681 2587.4219 2587.9892 2589.1614 2589.8498 2590.5494 2591.7838 2592.7917 2593.6560 2594.5396 2595.4302 2596.1241 2597.0172 2598.0528 2598.8946 2599.5126 2600.4786 2601.3124 2602.2625 2603.3390
2618.9683 2618.0529 2617.4615 2616.4218 2615.6005 2614.5203 2613.6747 2612.8567 2611.6900 2611.1673 2609.9309 2609.3469 2608.1691 2607.4384 2606.3819 2605.5078 2604.6695 2603.7031 2603.0528 2601.8224 2601.2418 2600.2156 2599.4870 2598.4237 2597.5470 2596.7770 2595.6548 2594.7604 2594.0787 2593.0700 2591.9012 2591.1020 2590.4164 2589.6217 2588.6054 2587.8758 2586.7438 2585.9402 2584.8842 2584.1935 2584.0905 2584.9003 2586.0267 2586.9217 2587.6253 2588.7396 2589.3626 2590.2893 2591.1177 2592.3320 2593.0595 2594.0215 2594.6832 2595.5266 2596.8134 2597.5754 2598.2093 2599.2438 2599.9814 2601.1138
2616.7453 2615.8348 2615.1173 2614.2519 2613.4427 2612.2249 2611.7595 2610.5194 2609.8073 2608.9260 2608.0477 2606.8624 2606.1424 2605.1414 2604.4679 2603.1669 2602.4683 2601.5787 2600.4941 2599.9758 2598.7761 2598.1636 2597.3053 2596.3687 2595.3866 2594.5653 2593.7479 2592.5429 2591.8489 2590.8454 2589.8121 2588.9116 2588.3441 2587.4239 2586.0630 2585.5157 2584.7312 2583.8174 2582.4725 2581.7343 2581.5556 2582.7154 2583.5965 2584.4745 2585.5662 2586.0993 2587.0933 2588.3375 2589.1363 2590.0983 2590.7576 2591.7899 2592.8540 2593.3561 2594.2814 2595.5251 2596.4129 2597.3374 2597.8107 2598.7365
2614.6027 2614.1017 2613.1254 2612.3082 2611.2887 2610.0245 2609.2514 2608.3904 2607.5747 2606.6810 2605.5288 2605.0898 2604.1633 2602.8190 2601.9716 2601.1925 2600.5345 2599.5318 2598.5385 2597.4904 2596.7633 2595.9889 2594.7036 2594.2151 2592.8992 2592.0425 2591.2791 2590.3709 2589.6375 2588.3593 2587.5381 2586.7836 2585.9637 2584.8633 2584.0001 2583.1063 2582.1513 2581.3414 2580.3103 2579.5919 2579.7430 2580.4932 2581.2585 2582.0925 2583.2799 2583.8744 2584.7653 2586.0935 2586.9376 2587.8982 2588.6313 2589.4808 2590.5890 2591.1495 2592.0393 2592.9318 2594.1751 2594.9097 2595.8063 2596.7565
2612.5313 2611.5338 2610.8289 2610.1155 2608.8330 2608.2467 2607.3113 2606.3909 2605.4851 2604.6506 2603.5905 2602.6955 2602.0246 2601.1053 2600.1115 2598.9807 2598.0135 2597.2872 2596.3034 2595.1928 2594.5851 2593.6329 2592.7156 2591.9936 2590.8730 2589.8298 2589.1162 2588.2839 2587.1926 2586.5969 2585.3150 2584.3826 2583.8604 2582.5532 2581.6134 2581.0766 2579.8962 2579.0910 2578.1738 2577.3633 2577.4119 2578.0344 2579.0766 2580.1244 2580.7510 2582.0274 2582.5173 2583.5902 2584.3486 2585.5389 2586.1970 2587.4820 2588.4173 2589.3144 2590.1251 2590.8752 2591.6530 2592.8116 2593.4690 2594.3776
2610.6676 2609.4651 2608.8443 2607.9590 2607.0267 2605.7918 2604.9700 2604.1849 2603.0639 2602.1710 2601.4119 2600.7453 2599.7462 2598.7499 2597.6739 2596.9128 2595.9405 2595.2158 2594.3958 2593.4162 2592.2755 2591.4844 2590.2704 2589.4210 2588.6610 2587.9125 2587.0776 2585.8167 2585.1277 2584.0166 2583.4058 2582.4162 2581.5141 2580.6385 2579.7533 2578.8864 2577.8232 2576.6698 2575.9718 2575.0051 2574.9334 2576.0123 2576.8647 2577.5511 2578.6400 2579.7967 2580.7239 2581.6362 2582.1746 2583.0537 2584.2527 2584.8071 2585.7258 2587.0603 2587.7120 2588.7321 2589.5828 2590.4765 2591.5897 2592.3551
2608.1944 2607.5706 2606.7369 2605.6039 2604.7357 2604.0228 2602.8635 2601.7897 2600.9703 2600.1371 2599.4963 2598.4836 2597.4892 2596.5112 2595.4086 2594.5528 2593.9464 2592.9323 2591.7703 2591.1628 2589.9541 2589.1961 2588.5058 2587.3068 2586.3096 2585.6120 2584.4996 2583.8597 2582.8686 2581.8195 2581.1098 2580.0571 2579.3027 2578.1140 2577.4180 2576.6498 2575.7480 2574.6955 2573.6332 2572.6281 2573.0352 2573.9234 2574.7806 2575.4228 2576.3282 2577.5035 2578.4352 2579.0655 2580.3149 2581.0894 2581.7570 2582.6022 2583.6902 2584.6268 2585.7811 2586.3425 2587.2587 2588.1273 2589.0127 2590.2424
2606.1517 2605.5702 2604.4264 2603.3878 2602.4008 2601.8314 2600.9139 2600.0680 2599.0597 2598.0452 2597.1233 2596.0384 2595.4238 2594.5514 2593.6004 2592.3639 2591.4654 2590.7313 2590.0270 2588.8193 2588.1401 2587.1153 2586.1686 2585.3041 2584.2601 2583.6153 2582.2967 2581.6893 2580.7012 2579.7742 2578.7197 2577.9383 2576.8418 2575.9072 2575.2862 2574.1716 2573.1988 2572.3807 2571.5661 2570.5594 2570.3659 2571.4900 2572.5679 2573.5211 2574.3354 2574.8992 2575.9601 2576.8437 2577.9545 2578.9624 2579.9348 2580.5174 2581.3117 2582.2975 2583.5825 2584.2312 2585.0355 2585.9381 2587.2524 2587.9596
2604.3907 2603.3969 2602.5250 2601.5127 2600.4272 2599.7936 2598.4694 2597.7704 2597.0151 2595.6606 2595.2032 2594.1179 2593.0536 2592.3029 2591.5212 2590.4661 2589.5295 2588.3993 2587.8216 2586.4851 2585.9333 2584.6655 2583.8581 2583.0469 2582.1338 2581.0710 2580.2034 2579.3924 2578.6429 2577.4909 2576.4795 2575.7343 2574.8338 2573.8534 2572.9210 2572.0537 2570.8791 2569.9681 2569.1465 2568.3912 2568.4246 2569.0450 2570.0317 2570.9296 2571.9603 2572.8563 2573.6276 2574.6500 2575.8920 2576.4594 2577.6253 2578.4095 2579.4727 2580.0036 2581.3682 2581.8944 2583.0694 2584.1345 2584.9065 2585.9975
