Dimension Analysis/Long/CA-TP3_Gini_0.81/dem_long.txt
ncols         320
nrows         500
xllcorner     100000
yllcorner     100000
cellsize      10
NODATA_value  -9999
[rows 0 to 25 of 500, columns 180 to 239 of 320]
2641.1561 2641.9996 2642.9557 2644.0897 2644.8420 2645.6746 2646.4888 2647.1216 2648.1129 2648.6768 2649.6548 2650.6288 2651.4563 2652.1792 2653.0708 2653.9662 2654.6183 2655.6774 2656.4006 2657.0307 2657.8849 2658.7084 2659.9122 2660.4797 2661.6062 2662.2403 2663.2634 2663.8542 2664.6901 2665.8510 2666.4376 2667.5075 2668.0377 2669.0424 2670.0436 2670.6210 2671.4915 2672.4357 2673.0524 2673.9638 2674.8678 2675.8401 2676.3130 2677.3925 2678.3444 2678.9919 2679.9958 2680.7132 2681.6728 2682.4041 2683.3550 2683.9961 2684.9131 2685.6858 2686.4716 2687.5383 2688.3680 2688.8877 2689.7654 2690.6952
2639.2693 2640.0036 2640.6355 2641.5969 2642.6179 2643.6152 2644.1647 2644.8478 2646.0100 2646.6901 2647.3485 2648.4243 2649.4192 2650.1530 2651.1402 2651.6295 2652.7820 2653.5241 2654.1431 2654.9422 2655.8512 2657.0118 2657.4487 2658.6495 2659.3432 2660.1063 2660.9844 2662.1005 2662.7397 2663.3105 2664.5944 2665.1747 2666.0368 2666.9740 2667.6602 2668.8119 2669.3453 2670.0205 2671.1185 2672.0982 2672.9875 2673.4399 2674.6122 2675.1668 2675.9406 2676.9440 2677.7252 2678.4458 2679.5911 2680.3543 2681.1666 2682.1130 2682.8319 2683.4833 2684.5934 2685.3977 2686.0658 2686.8233 2688.0175 2688.7839
2636.9936 2637.8678 2638.5856 2639.6277 2640.4185 2641.0700 2642.1830 2642.7603 2643.7416 2644.5101 2645.4641 2646.2914 2647.2211 2648.0486 2648.9631 2649.5987 2650.4794 2651.1566 2652.3307 2653.0620 2653.7922 2654.6387 2655.4582 2656.2471 2657.2333 2657.9382 2658.8511 2659.9787 2660.4508 2661.6808 2662.0603 2663.0117 2664.0393 2664.9532 2665.4251 2666.7519 2667.0979 2668.3853 2668.9796 2669.8798 2670.7552 2671.8107 2672.3212 2673.3706 2674.0218 2675.1293 2675.6801 2676.5214 2677.2627 2678.3808 2679.3370 2680.1069 2680.9401 2681.5058 2682.3402 2683.1538 2684.1396 2685.2738 2685.8389 2686.9201
2634.6171 2635.7967 2636.4392 2637.1852 2638.3714 2639.0878 2639.8291 2640.7857 2641.6090 2642.4424 2643.4926 2643.9168 2645.0938 2645.6578 2646.7778 2647.4837 2648.3047 2649.1038 2650.2749 2651.1024 2651.9115 2652.3338 2653.4103 2654.3512 2655.2299 2655.9933 2656.6481 2657.5107 2658.7092 2659.2315 2660.1817 2660.8462 2661.9627 2662.9835 2663.6965 2664.5235 2665.0572 2665.9924 2667.1751 2667.9484 2668.7992 2669.5904 2670.4905 2671.3208 2672.1850 2672.6905 2673.8995 2674.8153 2675.5567 2676.0704 2676.8914 2678.1263 2678.7439 2679.5542 2680.5218 2681.4585 2682.2856 2683.2975 2683.7617 2684.7601
2632.7942 2633.3109 2634.4991 2635.2158 2636.1325 2636.8014 2637.5211 2638.7006 2639.6231 2640.1956 2641.2433 2642.0342 2642.8082 2643.5714 2644.5867 2645.1707 2646.0763 2647.0695 2647.8836 2648.5197 2649.6133 2650.5346 2651.1104 2652.1774 2653.0439 2653.7795 2654.6009 2655.6456 2656.2905 2657.1322 2658.2613 2659.1179 2659.7200 2660.5751 2661.2689 2662.4914 2662.9829 2664.3071 2664.9177 2665.8075 2666.7496 2667.6213 2668.1055 2669.2116 2670.0100 2670.6938 2671.4997 2672.4464 2673.1737 2674.2658 2674.9642 2675.8591 2676.7574 2677.6346 2678.4387 2679.3671 2680.0820 2681.0748 2681.7231 2682.9313
2630.2631 2631.2860 2632.2943 2632.7759 2633.8205 2634.4957 2635.7258 2636.3757 2637.2402 2638.0906 2639.0976 2639.9338 2640.4575 2641.7123 2642.1549 2643.4683 2644.0299 2644.7669 2645.9542 2646.8298 2647.3432 2648.5949 2649.1082 2650.0977 2650.6764 2651.9348 2652.5024 2653.4833 2654.1634 2655.0245 2655.8653 2656.8060 2657.8517 2658.3644 2659.1959 2660.4630 2661.1922 2661.7678 2663.0700 2663.8521 2664.5011 2665.4760 2666.1503 2666.9951 2668.1639 2669.0581 2669.7925 2670.4248 2671.4602 2672.4537 2673.0775 2674.1176 2674.8869 2675.8075 2676.3635 2677.5640 2678.0597 2679.0149 2679.6876 2680.5288
2628.0024 2629.3367 2630.1846 2630.8719 2631.8067 2632.2939 2633.5207 2634.3942 2635.1956 2635.7430 2636.8181 2637.6325 2638.7045 2639.3368 2640.3515 2641.0644 2641.9021 2643.0286 2643.5775 2644.6643 2645.3400 2646.3316 2646.8443 2648.1750 2648.8418 2649.7252 2650.4808 2651.2622 2652.2772 2652.9477 2653.6976 2654.8667 2655.4683 2656.6529 2657.4700 2658.3193 2658.9369 2659.7697 2661.0086 2661.6948 2662.4758 2663.2156 2664.2713 2665.2829 2666.1030 2667.0086 2667.4704 2668.6554 2669.5374 2670.0421 2670.9007 2672.1693 2672.7865 2673.4353 2674.2709 2675.1300 2676.4082 2677.2463 2677.7225 2679.0275
2626.1602 2626.6785 2627.7485 2628.4700 2629.3749 2630.3347 2631.2102 2632.1656 2632.7625 2633.8394 2634.4149 2635.2839 2636.2496 2637.0575 2637.9887 2638.7984 2639.9489 2640.9200 2641.7215 2642.3079 2643.1869 2644.0843 2644.9913 2645.6218 2646.5502 2647.5682 2648.2596 2649.1149 2650.3250 2651.1912 2651.9071 2652.9306 2653.5843 2654.6659 2655.4649 2656.2162 2657.2381 2657.9482 2658.5349 2659.4313 2660.5455 2661.0823 2662.3876 2663.0677 2663.7907 2664.6506 2665.5648 2666.6657 2667.4775 2668.2632 2669.1311 2669.9732 2670.6088 2671.7694 2672.6539 2673.5681 2674.2533 2675.1937 2675.9195 2676.9491
2623.6339 2624.9726 2625.4669 2626.4183 2627.1524 2628.1284 2629.2653 2629.9793 2630.6463 2631.7449 2632.2640 2633.3035 2634.0163 2634.9953 2635.9775 2636.6774 2637.7057 2638.3866 2639.2781 2640.1868 2641.2879 2641.9525 2642.8944 2643.6144 2644.8050 2645.3474 2646.3148 2647.0197 2647.8970 2648.9295 2649.8176 2650.6437 2651.4297 2652.3863 2653.2216 2654.1019 2655.1026 2655.6848 2656.6839 2657.5420 2658.4048 2659.3277 2660.2087 2661.0903 2661.9374 2662.7895 2663.7107 2664.5873 2665.3148 2666.4095 2667.1814 2667.9152 2668.9754 2669.6156 2670.5906 2671.4785 2672.2924 2672.8517 2674.0748 2674.9868
2621.7044 2622.3326 2623.4913 2624.4647 2625.2251 2625.9825 2627.0152 2627.7789 2628.7458 2629.3407 2630.1235 2631.0500 2632.2969 2633.0811 2633.8022 2634.7574 2635.4235 2636.3744 2637.2104 2638.3915 2639.0341 2639.7094 2640.9410 2641.7453 2642.2412 2643.2331 2644.2564 2645.2642 2646.1583 2646.9880 2647.8297 2648.5058 2649.4422 2650.3445 2651.1562 2652.1655 2652.6354 2653.8093 2654.6070 2655.3694 2656.3878 2657.3208 2658.1307 2658.9182 2659.7395 2660.5675 2661.6258 2662.4000 2663.4344 2664.1665 2665.1388 2665.6620 2666.5304 2667.4770 2668.6979 2669.1216 2670.2485 2670.8752 2671.7911 2672.6509
2619.2993 2620.2326 2621.3480 2622.1559 2623.0018 2623.6136 2624.8599 2625.3625 2626.2406 2627.0739 2627.9948 2629.1110 2630.1570 2630.8417 2631.7126 2632.6376 2633.2473 2634.4053 2634.9396 2635.7743 2637.0373 2637.5319 2638.4680 2639.7490 2640.5956 2641.1433 2642.0205 2642.8999 2644.0158 2644.8534 2645.7018 2646.5288 2647.2141 2648.2288 2649.1972 2650.1250 2650.8840 2651.5765 2652.5375 2653.4843 2654.5165 2654.9603 2656.1598 2656.7835 2657.7344 2658.7772 2659.5570 2660.5806 2661.0847 2661.9991 2662.8533 2663.6307 2664.8231 2665.8165 2666.3331 2667.5336 2668.1605 2669.2687 2670.0297 2670.6339
2617.2844 2618.0660 2619.1324 2619.7879 2620.6922 2621.7264 2622.5765 2623.4159 2624.0575 2625.2033 2626.2030 2626.8521 2627.7350 2628.8529 2629.7468 2630.5602 2631.1349 2632.1595 2633.1725 2633.8169 2634.8610 2635.7647 2636.4719 2637.3952 2638.1740 2639.0198 2640.0938 2640.9809 2641.9478 2642.5597 2643.4181 2644.4710 2645.2250 2645.9510 2646.7866 2647.8730 2648.7567 2649.7250 2650.5613 2651.4101 2652.3049 2652.9889 2654.0859 2654.7465 2655.6850 2656.6745 2657.6288 2658.2580 2659.1072 2659.9676 2661.2226 2661.9359 2662.8825 2663.4171 2664.4601 2665.5798 2666.2782 2666.9773 2668.1874 2668.9283
2614.8838 2615.9448 2616.6653 2617.8204 2618.4668 2619.4518 2620.4165 2621.0354 2622.1947 2622.9518 2623.7981 2624.8901 2625.6468 2626.7488 2627.6188 2628.3894 2628.9703 2629.7972 2630.8565 2631.9483 2632.8696 2633.4003 2634.4206 2635.3927 2636.2010 2637.2589 2637.8511 2638.8317 2639.4435 2640.5125 2641.5308 2642.3748 2643.1323 2644.0851 2644.8891 2645.8200 2646.6568 2647.6827 2648.2195 2649.3917 2650.0339 2651.0387 2651.9035 2652.9776 2653.8477 2654.3755 2655.3822 2656.5269 2657.0075 2658.3228 2659.0352 2659.8708 2660.8076 2661.6043 2662.3097 2663.1127 2664.1925 2664.9146 2665.7623 2666.6291
2613.0728 2613.6913 2614.6497 2615.6492 2616.6859 2617.4936 2618.4499 2619.0435 2620.0731 2620.6053 2621.5795 2622.8214 2623.3804 2624.1556 2625.0675 2626.3005 2627.0628 2627.7658 2628.7603 2629.5656 2630.6757 2631.5038 2632.4457 2633.2163 2634.2851 2634.7946 2635.7006 2636.7346 2637.5691 2638.6910 2639.5541 2640.4208 2641.1027 2641.9395 2642.9199 2643.9340 2644.4318 2645.7046 2646.4879 2647.4501 2648.3617 2648.9276 2649.6901 2650.7892 2651.7153 2652.5726 2653.6396 2654.1362 2655.2411 2656.1315 2657.1061 2657.6121 2658.7015 2659.3623 2660.3578 2661.1582 2662.4089 2663.1314 2663.8836 2665.0102
2610.5111 2611.8753 2612.3205 2613.3393 2614.0918 2615.1125 2615.9129 2616.9578 2617.5633 2618.6968 2619.4419 2620.4696 2621.3905 2622.1289 2623.0329 2623.8560 2625.0810 2625.9469 2626.4775 2627.3530 2628.4466 2629.2250 2629.9345 2631.0169 2631.7565 2633.0653 2633.6960 2634.7932 2635.2775 2636.3020 2637.1429 2638.1270 2639.0178 2640.0454 2640.9298 2641.4400 2642.3863 2643.6720 2644.0777 2645.2943 2646.1066 2646.7849 2648.0926 2648.8883 2649.8448 2650.5152 2651.3492 2652.3756 2653.3274 2653.8042 2654.7261 2655.7978 2656.8463 2657.7513 2658.4087 2659.5883 2660.2703 2661.1294 2662.0647 2662.8067
2608.7804 2609.4322 2610.5377 2611.2209 2612.1188 2612.8704 2613.9483 2614.7741 2615.5968 2616.7878 2617.5063 2618.1388 2619.0554 2619.8794 2620.7887 2621.9332 2622.6147 2623.7567 2624.3073 2625.6336 2626.1058 2627.3877 2628.0353 2629.0013 2629.8929 2630.6276 2631.4514 2632.6621 2633.3114 2634.2937 2635.2615 2636.2990 2637.0969 2637.8663 2638.5874 2639.4134 2640.7225 2641.2962 2642.2452 2643.3493 2643.9347 2644.6922 2646.0152 2646.7863 2647.5517 2648.5388 2649.2437 2650.3051 2651.2006 2652.2456 2652.7260 2653.9517 2654.8300 2655.5623 2656.2285 2657.2259 2658.4705 2659.1844 2660.1047 2660.6848
2606.4110 2607.1245 2608.1648 2608.9632 2609.9835 2610.9777 2611.8898 2612.3996 2613.4788 2614.6242 2615.2707 2616.0202 2617.1497 2618.0291 2619.0436 2619.6594 2620.5524 2621.4741 2622.1909 2623.3862 2624.3764 2625.2217 2625.7754 2626.7038 2627.8517 2628.7613 2629.4571 2630.5289 2631.3753 2632.0254 2632.9918 2634.1752 2634.9190 2635.5303 2636.5323 2637.3991 2638.5379 2639.3475 2640.3304 2640.9169 2641.7362 2642.8171 2644.0007 2644.5372 2645.7301 2646.5734 2647.2014 2648.3337 2649.1025 2650.1576 2650.9550 2651.8860 2652.6922 2653.6876 2654.3823 2655.2263 2656.1625 2657.2913 2657.8240 2658.9253
2604.3741 2604.9613 2605.7910 2606.7932 2607.7292 2608.8597 2609.4646 2610.2324 2611.2499 2612.0933 2613.2877 2614.2031 2615.1210 2615.9010 2616.5895 2617.5261 2618.5567 2619.5935 2620.1165 2621.3361 2622.1503 2622.9367 2623.6469 2624.4946 2625.7169 2626.3671 2627.4631 2628.2072 2629.2984 2629.8782 2630.8883 2632.1337 2632.9927 2633.7962 2634.7090 2635.3249 2636.5307 2637.4142 2638.3455 2638.9577 2639.7759 2640.9820 2641.8959 2642.7691 2643.6230 2644.2783 2645.3521 2646.3578 2647.0042 2648.0428 2649.0812 2649.6110 2650.6940 2651.7568 2652.4718 2653.3456 2654.3096 2655.3513 2656.1418 2657.0278
2601.8224 2602.9025 2603.5479 2604.7132 2605.3866 2606.3802 2607.5233 2608.1716 2609.2815 2610.1352 2611.1410 2611.9400 2612.6174 2613.5920 2614.6960 2615.4792 2616.1455 2617.1995 2618.2498 2619.1947 2619.9597 2620.9398 2621.5693 2622.7127 2623.4542 2624.4216 2625.2869 2626.4401 2627.1087 2628.1461 2629.1163 2630.0395 2630.8607 2631.4946 2632.6587 2633.3273 2634.4458 2635.0717 2635.8802 2636.8674 2637.7868 2638.6844 2639.7060 2640.4738 2641.2316 2642.3351 2643.3719 2644.0462 2645.2657 2646.0257 2646.7902 2647.8449 2648.6393 2649.3302 2650.4624 2651.4260 2652.3095 2653.0779 2654.0896 2654.8359
2600.0294 2600.8993 2601.3696 2602.3643 2603.3873 2604.2329 2605.3979 2606.3189 2607.0657 2608.1192 2608.6250 2609.8065 2610.6369 2611.4116 2612.3678 2613.3969 2614.2780 2615.1957 2615.8338 2617.1391 2617.9491 2618.9489 2619.8156 2620.3762 2621.2240 2622.0902 2623.3122 2624.3376 2625.2500 2625.9859 2626.6845 2627.8599 2628.7290 2629.5247 2630.3219 2631.2050 2632.3162 2633.0901 2634.1212 2634.8643 2635.7818 2636.9024 2637.5756 2638.7190 2639.5102 2640.2035 2641.0733 2642.0262 2643.1811 2644.0542 2644.8489 2645.8509 2646.8665 2647.4244 2648.6053 2649.3617 2650.4374 2651.2754 2651.8620 2652.8994
2597.5808 2598.5040 2599.4357 2600.1782 2601.1911 2602.1066 2603.1360 2604.1821 2604.8179 2605.7474 2606.8716 2607.6038 2608.6862 2609.2627 2610.2027 2611.0225 2611.9759 2613.0080 2613.9202 2614.5593 2615.6652 2616.5308 2617.4582 2618.2390 2619.0723 2620.2628 2621.1579 2621.9418 2623.1359 2623.8490 2624.8897 2625.6132 2626.7217 2627.5981 2628.1709 2629.3689 2629.9513 2631.0663 2632.0509 2632.7671 2633.5581 2634.6597 2635.6871 2636.5212 2637.3758 2638.1178 2638.9880 2640.0262 2641.0598 2642.1436 2642.7594 2643.5216 2644.6400 2645.6603 2646.5477 2647.3545 2648.1976 2649.2485 2649.7993 2650.9290
2595.4749 2596.3577 2597.2707 2598.0424 2599.0320 2599.7353 2600.8180 2601.5804 2602.7894 2603.7730 2604.4892 2605.3556 2606.2171 2607.0558 2608.0372 2609.2299 2610.0110 2610.8781 2611.6531 2612.5690 2613.6839 2614.4765 2615.5291 2616.0782 2617.4135 2618.3303 2619.1674 2620.0450 2620.8193 2621.8307 2622.4942 2623.3995 2624.4842 2625.5701 2626.2680 2627.4206 2627.9020 2628.7903 2629.7490 2630.5967 2631.9388 2632.7984 2633.6300 2634.5348 2635.4879 2636.3654 2637.0638 2638.0641 2638.7590 2639.8951 2640.7034 2641.5152 2642.7004 2643.6843 2644.2139 2645.4877 2646.2092 2647.3208 2648.0164 2648.8843
2593.1236 2594.0354 2594.8464 2596.1353 2597.1184 2597.5940 2598.5677 2599.6773 2600.5488 2601.5395 2602.2171 2603.4992 2604.2335 2605.1215 2605.8313 2606.8481 2608.0150 2608.5604 2609.8441 2610.6484 2611.5374 2612.6171 2613.3702 2614.0424 2615.1920 2615.8947 2616.8241 2617.9312 2618.8663 2619.4915 2620.3221 2621.2344 2622.2079 2623.1766 2624.1268 2624.9406 2626.0692 2627.0639 2627.7343 2628.6874 2629.5926 2630.4091 2631.4837 2632.2262 2633.4058 2634.2761 2634.9003 2636.2082 2637.1053 2638.0562 2638.7302 2639.4901 2640.5045 2641.5120 2642.3673 2643.1591 2644.3347 2645.2773 2646.2085 2647.2112
2591.1632 2591.9829 2592.9933 2593.6166 2594.8979 2595.7350 2596.7532 2597.2218 2598.5938 2599.2058 2600.2224 2601.0948 2602.1581 2602.9553 2603.6420 2604.7799 2605.8962 2606.7157 2607.3484 2608.5683 2609.3480 2610.4369 2611.1201 2612.2351 2613.1345 2613.9259 2614.7842 2615.8874 2616.7596 2617.7447 2618.7218 2619.4569 2620.1694 2620.9657 2622.2761 2622.8239 2624.1998 2624.7551 2625.5561 2626.5467 2627.4616 2628.2974 2629.2582 2630.5751 2631.5130 2632.3218 2633.2755 2633.8809 2634.8302 2635.9820 2636.7943 2637.4385 2638.5852 2639.4308 2640.4105 2641.5046 2642.0416 2642.8963 2644.0444 2645.1100
2588.6277 2589.6497 2590.8949 2591.6359 2592.3568 2593.3790 2594.3748 2595.3654 2596.2674 2597.1577 2598.1450 2598.9144 2599.8093 2600.7684 2601.5233 2602.5520 2603.4437 2604.3322 2605.5204 2606.1471 2607.1849 2608.1294 2609.0936 2609.7600 2610.7490 2611.5783 2612.9353 2613.6127 2614.4604 2615.3259 2616.5873 2617.4989 2618.3920 2619.1053 2620.2009 2621.1117 2621.9721 2622.8287 2623.7584 2624.8419 2625.6570 2626.6862 2627.6095 2628.5101 2628.9895 2630.1104 2630.8237 2631.7972 2632.7742 2634.0079 2634.9510 2635.6816 2636.5713 2637.3751 2638.2551 2639.1643 2640.0048 2641.3378 2642.2423 2643.2121
2586.9236 2587.7607 2588.2852 2589.2235 2590.5573 2591.3961 2592.2370 2593.1591 2594.0211 2594.8356 2595.7101 2596.8511 2597.6363 2598.7098 2599.7249 2600.5686 2601.2022 2602.1893 2603.4465 2604.3058 2605.1837 2606.2445 2607.0880 2607.7034 2608.8743 2609.8654 2610.6397 2611.6229 2612.6324 2613.1397 2614.5061 2615.0826 2616.2415 2616.9435 2617.9056 2619.0393 2619.8437 2620.6444 2621.6005 2622.5433 2623.5589 2624.4908 2625.4629 2626.5153 2627.3694 2628.1796 2629.2314 2630.1850 2630.9431 2631.9640 2632.6993 2633.4516 2634.5058 2635.2626 2636.2518 2637.5020 2638.1156 2639.1295 2639.8722 2641.1192
