Dimension Analysis/Long/CA-TP3_Gini_0.81/dem_long.txt
ncols         320
nrows         500
xllcorner     100000
yllcorner     100000
cellsize      10
NODATA_value  -9999
[rows 286 to 311 of 500, columns 0 to 59 of 320]
2265.6084 2263.6191 2261.8026 2260.2479 2258.2619 2256.2017 2254.4243 2252.8018 2250.9026 2249.3553 2247.2377 2245.7488 2244.0224 2242.1048 2240.4984 2238.5066 2236.5406 2234.9498 2232.9588 2231.3542 2229.5274 2227.6856 2225.9647 2224.0113 2222.5802 2220.3587 2218.6986 2217.0403 2215.2688 2213.6176 2211.4271 2209.9014 2207.8026 2206.0315 2204.2258 2202.6801 2200.7187 2199.0308 2197.2526 2195.2508 2193.6663 2191.7171 2190.0986 2188.4455 2186.4175 2184.6205 2182.7634 2180.8695 2179.2392 2177.3308 2175.6267 2173.8131 2171.9558 2170.3060 2168.4716 2166.9433 2164.6707 2163.3150 2161.5693 2159.7039
2263.5421 2261.7240 2259.9286 2258.3217 2256.7244 2254.9507 2253.1056 2251.3645 2249.3682 2247.7187 2245.6386 2243.7477 2242.2078 2240.4110 2238.7036 2236.7252 2235.0422 2233.3115 2231.1026 2229.7245 2227.7242 2225.9903 2223.9527 2222.3237 2220.5146 2218.7152 2216.7532 2214.9708 2213.5568 2211.5571 2209.8264 2207.9278 2206.1209 2204.5887 2202.6761 2200.6900 2198.9116 2197.1530 2195.4262 2193.5519 2191.7560 2190.2103 2188.2763 2186.2792 2184.6007 2182.8466 2180.9860 2179.3095 2177.5324 2175.5197 2173.6390 2172.0538 2170.1077 2168.3501 2166.5907 2164.9996 2162.7831 2161.2093 2159.6586 2157.7386
2262.0459 2260.1194 2258.4362 2256.5683 2254.7051 2253.1931 2251.1804 2249.4868 2247.3481 2245.8664 2243.8533 2241.9251 2240.5652 2238.3153 2236.6273 2235.1873 2233.3554 2231.3168 2229.3869 2227.9297 2225.7206 2224.2727 2222.1678 2220.6421 2218.7002 2216.8930 2214.9458 2213.2881 2211.4217 2209.8920 2208.1127 2206.2162 2204.3390 2202.4937 2200.5065 2199.0018 2196.9303 2195.1953 2193.5678 2191.7498 2189.9188 2187.9981 2186.3319 2184.6354 2182.5650 2180.7181 2178.9883 2177.4242 2175.6786 2173.7723 2171.7375 2170.3121 2168.2137 2166.4400 2164.9048 2162.8749 2160.9346 2159.5306 2157.4523 2155.8674
2260.3585 2258.4830 2256.8108 2255.0839 2252.9882 2251.0901 2249.5101 2247.6430 2246.0116 2243.8364 2242.1857 2240.3637 2238.5063 2236.8568 2234.7984 2233.0455 2231.2079 2229.6733 2227.6375 2226.0464 2224.1897 2222.5593 2220.6205 2218.7789 2216.7066 2215.3294 2213.5384 2211.7286 2209.7732 2207.9578 2205.9079 2204.3532 2202.6342 2200.7428 2198.8918 2197.3101 2195.0784 2193.6616 2191.8732 2189.7965 2187.9274 2186.0872 2184.3513 2182.7122 2180.6845 2178.9771 2177.1939 2175.3618 2173.7112 2171.9159 2170.1337 2168.1419 2166.1732 2164.4072 2162.6576 2161.0625 2159.3632 2157.2784 2155.5486 2153.7997
2258.6701 2256.5771 2254.9881 2253.2096 2251.4215 2249.3022 2247.8377 2245.8109 2243.9405 2242.4927 2240.3346 2238.7685 2236.8211 2235.0991 2233.4454 2231.1664 2229.5675 2227.8119 2225.7944 2224.0377 2222.4484 2220.3308 2218.9890 2216.9226 2215.2184 2213.0977 2211.6420 2209.5127 2207.9597 2206.0080 2204.5157 2202.3673 2200.8820 2198.9847 2197.1685 2195.3568 2193.5380 2191.4725 2189.6293 2187.9479 2186.4284 2184.1771 2182.4771 2180.9167 2178.9975 2177.0479 2175.1714 2173.4772 2171.6569 2170.1781 2168.1263 2166.3658 2164.6151 2162.4641 2160.9630 2159.1367 2157.0308 2155.6978 2153.8170 2151.8239
2256.6339 2255.1767 2253.1155 2251.4173 2249.4757 2247.8372 2245.8945 2244.2510 2242.4604 2240.7544 2238.7034 2236.9889 2235.0445 2233.3929 2231.2714 2229.8037 2227.6060 2225.8841 2224.0641 2222.3602 2220.6562 2218.6124 2216.7930 2215.2023 2213.4780 2211.6441 2209.7306 2208.0113 2206.2517 2204.3887 2202.3517 2200.4851 2199.0878 2197.1933 2195.1016 2193.3554 2191.4337 2189.9316 2187.7555 2186.3834 2184.4435 2182.3387 2180.6384 2178.9191 2177.2168 2175.0533 2173.5209 2171.5500 2169.7177 2168.1988 2166.3786 2164.1822 2162.3771 2160.8346 2158.8013 2157.3849 2155.1348 2153.5470 2151.6144 2149.7266
2255.3380 2253.2413 2251.6705 2249.7582 2247.9477 2245.8549 2244.0039 2242.3338 2240.4827 2238.7026 2236.9021 2234.9488 2233.3559 2231.5181 2229.6341 2228.0058 2225.8617 2224.1350 2222.6757 2220.7012 2218.8886 2216.8820 2215.3689 2213.3121 2211.4879 2209.6930 2207.8480 2205.9801 2204.1535 2202.3072 2200.8735 2198.8432 2196.8143 2195.3256 2193.2701 2191.6508 2189.6789 2188.1164 2186.2968 2184.5634 2182.6682 2180.8049 2179.0675 2177.0354 2175.1914 2173.3391 2171.7330 2169.5771 2168.1065 2166.0383 2164.3010 2162.3245 2160.9687 2159.0629 2157.0570 2155.3689 2153.4776 2151.4546 2149.7607 2147.8303
2253.3382 2251.7991 2249.7944 2247.9010 2245.8757 2244.1101 2242.4190 2240.5099 2238.9725 2236.9643 2235.1264 2233.3234 2231.6063 2229.8471 2227.7399 2225.8789 2224.4972 2222.6582 2220.5481 2218.7294 2216.8445 2214.9457 2213.4148 2211.7174 2209.9682 2208.1655 2206.1613 2204.5011 2202.4836 2200.8569 2198.9390 2196.7794 2195.1053 2193.1394 2191.6362 2189.8466 2188.0008 2186.0265 2184.3178 2182.4500 2180.5196 2178.9432 2176.9973 2175.2460 2173.5819 2171.4797 2169.6765 2168.1137 2165.9045 2164.1889 2162.3822 2160.5122 2158.7014 2156.9694 2155.1011 2153.4929 2151.4026 2149.6661 2147.8875 2145.9569
2251.7666 2249.5962 2247.7895 2246.1606 2244.3343 2242.7267 2240.5273 2238.7891 2236.9771 2235.5091 2233.6815 2231.6994 2229.9090 2227.8398 2226.0318 2224.0858 2222.4524 2220.8265 2219.0460 2216.9999 2215.2691 2213.3216 2211.8073 2209.7252 2208.1155 2206.1017 2204.1289 2202.3957 2200.6438 2198.6176 2197.0000 2195.1159 2193.3073 2191.5788 2189.5952 2188.0924 2185.9271 2184.0375 2182.3421 2180.7436 2178.9268 2176.7468 2175.1566 2173.2393 2171.5642 2169.6153 2167.8729 2165.9177 2164.1386 2162.5095 2160.4990 2158.7046 2157.1762 2155.1674 2153.4535 2151.3213 2149.4334 2147.9937 2145.9528 2144.0860
2249.9296 2248.1467 2246.4742 2244.4827 2242.5850 2240.6484 2238.8566 2237.1862 2235.4752 2233.3833 2231.7253 2229.6872 2227.9366 2226.1967 2224.3308 2222.3823 2220.6423 2218.8372 2217.1600 2215.4990 2213.6552 2211.3690 2209.7892 2207.9587 2206.1161 2204.1119 2202.4841 2200.6830 2198.7884 2196.9173 2195.2305 2193.2112 2191.7324 2189.5672 2187.9753 2186.0281 2184.0660 2182.4079 2180.4591 2178.9915 2177.0655 2175.1365 2173.1165 2171.5716 2169.3964 2168.0208 2166.2021 2163.9121 2162.3870 2160.6667 2158.5342 2156.7047 2154.9846 2153.1817 2151.5093 2149.7634 2147.9115 2146.1437 2143.9293 2142.1586
2248.4543 2246.4116 2244.5021 2242.7656 2241.0933 2239.1294 2237.0597 2235.3013 2233.4941 2231.6841 2229.9086 2227.9733 2226.1725 2224.4264 2222.3839 2220.6332 2219.1119 2217.1027 2215.2274 2213.5649 2211.5514 2209.6367 2207.8848 2206.1031 2204.1666 2202.4136 2200.6677 2198.6542 2197.0869 2194.9636 2193.4037 2191.3775 2189.6076 2187.8728 2186.2725 2184.0767 2182.5387 2180.3762 2178.8452 2177.0992 2175.2374 2173.0191 2171.2985 2169.7344 2167.8675 2165.9840 2164.1743 2162.2378 2160.4369 2158.8255 2156.6664 2155.1856 2152.9196 2151.4160 2149.2414 2147.5886 2145.9396 2143.9710 2142.3700 2140.4416
2246.3462 2244.8629 2242.6944 2241.0293 2239.3671 2237.4714 2235.5003 2233.6270 2231.6859 2230.0883 2228.3254 2226.2628 2224.5323 2222.7902 2220.6038 2219.0340 2217.4269 2215.3703 2213.6824 2211.9364 2210.0574 2207.8924 2206.2080 2204.2562 2202.3762 2200.5621 2198.6973 2197.2530 2195.4332 2193.4535 2191.5221 2189.6078 2187.8388 2186.0932 2184.0537 2182.3116 2180.6410 2178.7711 2176.8310 2175.0195 2173.3156 2171.5565 2169.3466 2167.5431 2165.6996 2164.2502 2162.3406 2160.4807 2158.5089 2156.8292 2154.8807 2153.2338 2151.1586 2149.5707 2147.4319 2145.5673 2144.0750 2141.8573 2140.4598 2138.4692
2244.7349 2242.8788 2241.0260 2239.1575 2237.2612 2235.8331 2233.8510 2231.9671 2230.0759 2228.2785 2226.3362 2224.5448 2222.6556 2220.8041 2218.9949 2217.4270 2215.1965 2213.3304 2211.7027 2209.9759 2208.1320 2206.3567 2204.3077 2202.4103 2200.8215 2198.9913 2197.0398 2195.0914 2193.4344 2191.7547 2189.5491 2187.9835 2185.8500 2184.1006 2182.4136 2180.5721 2178.6704 2176.8233 2175.1605 2173.0403 2171.5003 2169.7253 2167.6464 2165.9274 2163.8307 2162.4050 2160.3732 2158.6192 2156.5255 2155.0692 2153.1968 2151.1312 2149.2494 2147.2679 2145.5683 2143.7566 2141.9515 2140.0280 2138.4614 2136.3531
2243.2180 2241.0536 2239.4924 2237.7723 2235.7585 2233.8515 2231.8931 2230.3098 2228.4775 2226.6295 2224.8629 2222.7904 2220.8345 2219.0254 2217.4531 2215.4803 2213.8022 2211.6938 2209.9091 2207.9074 2206.2139 2204.5582 2202.4473 2200.9450 2198.9240 2197.0215 2195.1629 2193.3919 2191.6808 2189.9529 2187.6615 2186.0874 2184.0188 2182.2628 2180.5264 2178.4956 2177.0992 2175.0389 2173.1562 2171.5720 2169.4187 2167.8640 2166.0678 2163.8120 2162.2083 2160.3548 2158.6982 2156.7584 2154.7446 2152.9250 2151.3193 2149.5307 2147.2189 2145.4124 2143.6933 2141.7026 2139.8962 2138.2144 2136.2836 2134.4312
2241.1842 2239.5543 2237.7939 2236.0465 2233.8583 2231.8749 2230.4473 2228.2355 2226.7099 2224.7701 2222.8351 2220.9325 2219.3573 2217.6013 2215.5483 2213.9446 2212.0439 2209.7902 2207.9952 2206.4779 2204.6616 2202.4079 2200.5676 2199.1253 2197.2847 2195.1576 2193.5254 2191.6973 2189.9390 2188.1658 2185.9421 2184.4776 2182.4587 2180.4617 2178.8522 2176.9693 2175.1746 2172.9412 2171.3052 2169.3221 2167.5963 2165.8414 2164.1841 2162.2545 2160.1906 2158.6674 2156.4936 2154.9707 2153.0268 2151.3199 2149.1477 2147.1617 2145.4507 2143.9648 2141.7167 2140.2703 2138.2441 2136.2047 2134.5059 2132.5307
2239.5379 2237.5405 2235.9231 2234.1698 2232.0571 2230.3179 2228.7078 2226.9107 2224.7659 2222.9294 2221.2116 2219.5168 2217.5660 2215.8645 2213.9623 2211.7596 2210.0648 2208.0270 2206.3072 2204.7182 2202.5400 2200.7649 2199.2459 2197.4164 2195.4504 2193.2569 2191.8105 2190.0115 2188.1926 2186.3292 2184.2678 2182.3040 2180.5088 2178.9515 2177.1000 2174.8302 2173.3498 2171.3987 2169.4511 2167.4698 2166.0536 2164.0245 2162.2647 2160.3152 2158.4797 2156.7836 2154.8673 2152.8358 2151.2927 2149.2159 2147.4189 2145.6841 2143.6997 2141.8256 2139.9809 2138.0588 2136.4785 2134.4907 2132.7191 2130.7186
2237.8729 2236.2079 2234.3824 2232.5135 2230.2552 2228.8267 2226.9904 2225.0283 2222.8527 2221.1199 2219.2514 2217.6681 2215.7040 2213.8196 2212.2386 2210.3095 2208.5089 2206.4906 2204.7093 2203.0055 2200.9020 2199.1616 2197.0210 2195.2612 2193.5236 2191.8376 2189.6064 2187.7760 2186.2697 2184.0363 2182.3544 2180.7690 2178.9017 2176.8692 2175.0432 2173.2771 2171.4369 2169.5624 2167.8330 2166.0437 2164.0518 2162.2348 2160.0210 2158.3506 2156.6108 2154.6601 2153.0788 2151.1286 2149.1223 2147.2462 2145.3767 2143.5257 2141.6818 2139.7070 2138.3024 2136.1350 2134.4568 2132.5112 2130.8329 2128.9403
2236.2671 2234.2705 2232.3343 2230.5449 2228.6868 2226.9283 2225.1807 2223.4222 2221.4680 2219.4443 2217.7335 2215.7239 2214.0648 2212.1524 2210.0987 2208.5192 2206.7548 2204.4356 2203.0315 2201.0211 2199.2764 2197.3422 2195.6144 2193.6517 2191.6141 2189.7892 2187.7990 2186.2688 2184.1341 2182.3723 2180.7119 2178.9677 2176.7682 2174.9627 2173.3841 2171.3998 2169.7291 2167.4031 2165.7393 2163.8837 2161.9501 2160.1540 2158.3925 2156.3721 2154.8131 2152.6359 2151.1868 2149.0879 2147.3187 2145.3142 2143.6710 2141.9214 2139.6367 2137.8926 2136.4142 2134.5153 2132.3885 2130.3750 2128.5143 2126.8311
2234.6245 2232.4022 2230.5371 2228.8392 2227.2559 2225.3301 2223.3302 2221.4264 2219.8433 2217.8776 2215.9553 2213.8684 2211.9688 2210.2776 2208.3840 2206.5435 2204.7687 2202.9833 2201.2741 2199.1845 2197.3271 2195.7199 2193.6634 2191.8139 2190.1190 2188.0569 2186.3820 2184.5985 2182.2947 2180.8796 2178.6143 2176.8150 2174.8329 2173.3526 2171.2660 2169.6007 2167.5824 2165.7375 2163.9193 2162.1994 2160.0419 2158.3479 2156.4635 2154.7841 2152.5755 2150.7218 2149.2758 2147.1024 2145.6182 2143.3903 2141.6255 2139.9920 2137.9947 2136.2043 2134.4521 2132.5032 2130.3457 2128.8798 2126.8101 2124.7987
2232.6922 2230.9353 2228.9108 2227.3398 2225.2510 2223.4402 2221.7193 2219.8783 2217.7304 2215.8242 2214.1781 2212.2926 2210.5812 2208.5056 2206.8119 2205.0781 2202.8829 2200.9807 2199.0521 2197.3197 2195.7297 2193.5753 2191.8882 2189.9387 2187.9438 2186.1438 2184.4527 2182.6584 2180.6602 2178.8650 2176.8149 2175.2556 2173.3320 2171.6314 2169.7005 2167.8574 2165.9236 2164.0995 2161.9181 2160.4865 2158.2883 2156.3131 2154.6245 2152.9860 2151.1061 2149.1321 2147.1806 2145.2062 2143.4590 2141.9069 2139.8505 2137.8735 2136.1545 2134.1001 2132.4020 2130.4745 2128.4597 2126.8497 2125.0269 2123.1031
2230.7847 2229.0408 2227.1507 2225.4661 2223.4661 2221.7363 2219.7494 2218.2002 2216.0722 2214.4237 2212.5268 2210.6744 2208.6910 2206.8901 2205.1414 2203.1621 2200.9840 2199.3569 2197.3331 2195.4378 2193.9712 2191.6932 2190.1691 2188.1682 2186.3509 2184.6056 2182.4953 2180.6158 2179.0406 2176.9191 2175.2995 2173.2839 2171.4665 2169.3406 2167.7790 2166.0320 2163.8505 2162.3190 2160.0749 2158.2724 2156.5200 2154.4411 2152.7678 2150.7392 2149.1079 2147.2880 2145.4710 2143.5315 2141.6365 2139.6452 2138.0595 2136.0848 2134.1253 2132.0822 2130.4310 2128.5366 2126.8671 2124.8007 2122.8120 2121.2634
2229.0521 2227.3590 2225.7907 2223.5723 2222.0664 2219.9252 2218.1548 2216.4072 2214.2263 2212.5039 2210.6192 2208.8077 2206.9401 2204.8865 2202.9407 2201.3685 2199.4303 2197.3556 2195.6912 2193.7486 2191.8373 2189.8732 2188.4226 2186.2446 2184.7010 2182.7415 2180.9490 2178.9887 2177.1115 2174.9581 2173.1351 2171.2280 2169.4612 2167.4896 2165.7072 2164.0638 2162.1681 2160.4865 2158.3726 2156.7086 2154.6495 2153.0006 2151.1850 2148.8652 2147.4406 2145.4149 2143.5336 2141.6099 2139.7954 2138.0533 2135.9047 2134.1802 2132.2709 2130.2587 2128.5450 2126.6773 2125.0522 2122.7508 2121.2499 2119.3003
2227.7419 2225.5018 2223.6284 2222.0412 2219.9746 2217.9803 2216.3581 2214.6896 2212.3978 2210.7779 2208.6871 2207.2188 2205.1159 2203.2369 2201.5004 2199.6292 2197.6569 2195.5661 2193.9571 2192.0306 2190.3812 2188.4988 2186.6053 2184.4243 2182.8578 2180.9930 2178.8632 2177.3571 2175.4341 2173.2721 2171.4385 2169.8221 2167.6899 2165.8337 2163.9188 2162.0588 2160.3978 2158.6569 2156.5613 2154.8490 2152.6723 2150.7409 2149.2457 2147.0553 2145.5573 2143.7203 2141.6741 2139.5380 2137.9986 2136.0477 2133.9650 2132.3153 2130.5296 2128.3110 2126.7648 2125.0268 2123.1610 2120.8854 2119.3931 2117.5280
2225.7046 2224.1773 2221.9721 2220.2795 2218.5487 2216.5503 2214.5797 2212.5839 2210.8341 2209.1306 2206.9229 2205.0943 2203.1446 2201.4548 2199.8809 2197.5711 2195.8208 2193.8616 2191.8953 2190.2153 2188.2583 2186.5487 2184.4761 2183.0302 2180.7797 2179.2842 2177.0697 2175.4717 2173.5071 2171.7688 2169.4676 2168.0555 2166.1629 2164.2273 2162.3837 2160.4687 2158.5914 2156.3524 2154.7952 2152.6156 2150.8163 2149.0920 2147.2547 2145.2507 2143.3042 2141.6792 2139.8415 2137.7351 2136.1897 2133.8857 2132.0978 2130.2357 2128.5845 2126.4613 2124.5445 2122.6907 2120.9897 2119.3034 2117.2483 2115.2652
2223.8765 2222.0996 2220.5229 2218.4898 2216.4138 2214.7308 2212.9216 2211.2204 2209.2697 2207.2579 2205.4650 2203.2983 2201.7918 2199.9387 2197.7489 2196.1820 2194.0724 2192.3968 2190.3469 2188.6036 2186.6395 2184.6096 2182.8053 2180.7943 2178.9899 2177.3543 2175.1986 2173.3853 2171.4873 2169.8838 2167.6807 2165.8552 2164.3257 2162.2599 2160.3312 2158.7157 2156.4581 2154.4856 2152.6330 2150.8804 2149.0594 2147.1876 2145.1319 2143.4009 2141.6008 2139.5289 2138.0589 2135.8089 2134.0706 2132.1634 2130.3146 2128.6630 2126.7672 2124.7462 2122.8165 2120.8771 2119.0425 2117.4129 2115.1565 2113.5033
2222.3611 2220.5641 2218.8640 2216.8324 2214.9807 2213.1185 2211.3451 2209.1548 2207.2355 2205.6423 2203.6677 2201.5522 2200.0596 2198.0110 2196.0728 2194.0460 2192.1912 2190.5198 2188.8156 2186.6274 2184.8589 2182.7126 2181.2435 2179.3499 2177.2110 2175.3899 2173.5810 2171.7103 2169.6280 2167.8987 2165.8503 2164.3413 2162.2664 2160.4607 2158.3842 2156.7633 2154.7918 2152.9872 2150.9011 2148.9861 2147.1087 2145.3857 2143.3459 2141.7848 2139.5744 2138.0487 2136.1553 2134.1575 2132.4361 2130.2813 2128.4672 2126.5517 2124.7957 2122.6974 2120.9436 2118.9935 2117.1077 2115.3752 2113.5032 2111.3201
