Dimension Analysis/Large/CA-TP3_Gini_0.81/dem_big_area.txt
ncols         600
nrows         600
xllcorner     100000
yllcorner     100000
cellsize      10
NODATA_value  -9999
[rows 286 to 311 of 600, columns 60 to 119 of 600]
2554.3512 2552.8901 2551.5489 2550.1503 2548.5133 2547.0878 2545.6871 2544.1544 2542.6823 2541.2417 2539.8533 2538.2232 2536.6205 2535.2250 2533.8790 2532.4785 2530.8073 2529.2916 2528.0526 2526.6729 2525.3545 2523.5605 2521.9955 2520.6120 2519.3407 2517.9722 2516.2775 2514.8057 2513.4377 2511.9133 2510.4500 2509.0757 2507.3628 2506.2431 2504.5545 2503.2722 2501.7253 2500.0774 2499.0397 2497.6286 2496.0089 2494.2343 2493.0798 2491.7846 2490.2099 2488.4757 2487.2065 2485.5894 2484.0227 2482.9091 2481.4735 2479.8330 2478.4632 2476.9547 2475.6945 2474.1148 2472.5212 2471.2725 2469.4050 2467.9408
2552.9545 2551.3476 2549.9333 2548.3716 2547.2034 2545.3207 2544.1491 2542.3956 2541.1218 2539.8110 2538.1328 2536.5548 2535.3333 2533.9159 2532.1377 2530.9907 2529.6141 2527.8714 2526.3945 2524.9649 2523.7114 2522.3064 2520.5631 2519.2366 2517.9252 2516.1188 2514.7231 2513.2128 2511.9700 2510.5298 2508.9366 2507.5823 2505.9752 2504.5857 2503.2815 2501.7746 2500.0308 2498.8599 2497.2666 2495.6027 2494.4173 2492.6650 2491.5147 2490.1777 2488.2933 2487.2703 2485.3883 2484.1396 2482.8021 2480.9734 2479.7838 2478.2141 2476.8442 2475.3103 2473.9204 2472.3297 2471.0309 2469.4463 2467.8832 2466.4095
2551.3726 2550.1349 2548.4050 2546.9411 2545.6781 2543.9132 2542.4326 2540.9804 2539.8276 2538.0024 2536.7812 2535.0343 2533.6879 2532.1251 2530.7882 2529.6007 2527.8412 2526.3160 2524.8945 2523.3297 2522.1427 2520.6063 2519.0762 2517.5729 2515.9730 2514.8706 2513.2678 2511.7307 2510.5166 2509.1123 2507.4425 2505.8552 2504.4536 2503.0800 2501.3658 2500.1433 2498.4416 2497.2348 2495.5908 2494.0109 2492.8852 2491.4110 2489.5876 2488.4059 2486.8286 2485.3533 2484.0684 2482.3155 2481.1132 2479.3357 2478.0034 2476.7578 2475.2813 2473.5522 2472.0442 2470.8982 2469.5065 2467.9243 2466.5830 2464.8696
2550.0186 2548.3189 2546.8948 2545.5706 2543.9869 2542.7843 2541.2997 2539.9067 2538.0522 2536.8634 2535.0589 2533.5852 2532.4559 2530.7226 2529.5877 2528.1083 2526.5602 2524.9432 2523.4849 2522.2037 2520.3473 2519.1917 2517.7076 2516.0484 2514.5084 2513.3828 2511.9099 2510.4498 2508.8788 2507.5355 2505.6335 2504.3903 2503.1571 2501.2215 2500.0671 2498.5146 2497.0640 2495.7029 2494.2062 2492.7676 2490.9876 2489.7605 2488.1873 2486.6810 2485.4928 2483.6558 2482.3950 2480.6418 2479.3608 2477.9140 2476.6663 2474.9054 2473.5830 2472.2429 2470.8145 2468.9614 2467.7051 2466.3803 2464.5760 2463.3362
2548.6783 2546.8016 2545.3407 2543.8996 2542.4805 2540.9697 2539.5498 2538.3453 2536.8347 2535.4588 2533.6345 2532.2855 2531.0487 2529.3178 2527.6600 2526.5068 2524.9876 2523.2978 2522.1713 2520.5627 2518.8139 2517.8090 2516.1480 2514.5098 2513.2507 2511.7495 2510.0992 2508.8069 2507.4768 2505.9204 2504.3225 2502.7253 2501.3506 2500.1200 2498.4400 2497.1255 2495.2348 2494.0680 2492.6786 2490.8194 2489.5357 2487.9345 2486.5085 2485.3296 2483.4369 2481.9748 2480.9307 2479.1605 2477.8463 2476.4794 2474.8477 2473.4827 2471.7503 2470.1840 2468.7992 2467.2698 2466.1332 2464.3348 2462.9249 2461.7286
2547.0982 2545.6390 2543.9758 2542.6487 2541.0692 2539.6078 2538.3732 2536.4810 2535.4617 2533.5518 2532.1366 2530.8357 2529.4524 2528.1001 2526.2003 2525.0991 2523.4740 2521.7792 2520.3686 2518.7735 2517.5839 2516.1947 2514.7548 2513.1385 2511.3729 2510.2113 2508.8384 2507.0578 2505.6123 2503.9966 2502.9240 2501.4689 2499.5571 2498.2586 2496.9179 2495.2154 2494.0668 2492.2785 2490.9545 2489.2891 2487.9820 2486.6572 2484.8294 2483.3585 2481.8453 2480.6614 2478.9022 2477.7580 2476.0616 2474.4620 2473.3477 2471.9584 2470.4578 2468.9078 2467.1517 2465.6991 2464.1447 2463.0855 2461.6156 2459.7741
2545.4642 2544.0982 2542.6765 2540.9166 2539.6133 2538.1192 2536.5408 2535.2855 2533.8053 2532.2330 2530.7143 2529.5506 2528.0332 2526.1310 2524.8338 2523.5838 2521.7544 2520.1987 2518.7117 2517.4560 2515.9533 2514.4590 2513.1858 2511.5701 2510.2130 2508.4793 2507.1196 2505.7035 2504.1639 2502.8467 2500.9965 2499.5672 2498.0031 2496.6871 2495.3111 2493.5635 2492.4187 2491.0789 2489.3799 2487.9475 2486.2602 2484.9988 2483.6462 2481.8847 2480.5071 2478.8641 2477.5186 2475.8640 2474.6050 2472.9597 2471.5690 2469.9632 2468.7258 2467.2511 2465.4851 2464.1624 2462.7210 2461.1784 2459.8546 2458.1715
2543.9274 2542.5663 2541.2894 2539.4598 2538.1157 2536.7661 2535.0983 2533.8425 2532.4474 2530.6160 2529.1549 2528.0551 2526.2972 2525.0557 2523.2678 2522.1301 2520.2621 2518.9297 2517.3855 2515.9261 2514.3764 2512.9975 2511.4591 2509.9633 2508.4993 2507.0705 2505.4842 2504.0480 2502.4880 2501.2794 2499.7537 2498.2570 2496.6235 2495.0206 2493.5771 2492.1447 2490.7617 2489.3159 2487.5504 2486.0576 2484.8158 2483.3704 2481.7960 2480.2594 2478.7774 2477.3557 2476.0220 2474.4926 2472.8427 2471.3360 2470.2283 2468.6919 2466.9326 2465.4824 2463.8827 2462.3498 2460.8734 2459.3781 2457.9298 2456.8803
2542.8373 2541.3461 2539.5315 2538.4805 2536.9582 2535.4157 2534.0096 2532.5016 2530.6888 2529.4390 2528.0016 2526.3020 2525.0275 2523.5858 2521.8414 2520.2378 2519.0136 2517.6546 2515.7334 2514.2630 2512.8302 2511.4792 2510.1363 2508.6143 2506.9914 2505.3222 2503.8058 2502.5445 2501.1717 2499.8226 2497.9625 2496.6168 2495.3294 2493.6268 2492.2551 2490.8937 2489.1629 2487.6637 2486.4190 2484.7895 2483.2625 2481.7897 2480.4864 2478.9995 2477.3925 2475.6265 2474.3929 2472.7616 2471.5393 2469.6462 2468.4864 2466.6354 2465.4246 2463.6562 2462.6553 2461.0062 2459.6549 2458.0629 2456.5465 2455.0875
2541.4197 2539.9823 2538.4663 2536.6872 2535.1377 2533.9674 2532.5149 2530.6224 2529.2725 2528.0325 2526.0992 2524.9812 2523.5540 2522.0707 2520.4477 2518.7060 2517.2170 2515.9628 2514.2390 2512.7867 2511.3986 2510.0201 2508.5584 2506.7352 2505.6457 2503.7780 2502.6533 2501.1802 2499.4916 2498.2131 2496.3994 2494.8487 2493.7353 2492.1169 2490.7683 2489.1530 2487.6075 2485.9986 2484.4515 2483.1980 2481.8845 2480.2477 2478.5544 2477.0565 2475.9245 2473.9684 2472.6650 2471.1472 2469.6187 2468.2921 2466.8592 2465.3482 2463.7032 2462.4216 2460.9760 2459.0675 2457.7854 2456.3352 2455.0010 2453.5596
2539.6808 2538.4345 2536.8355 2535.3902 2533.8045 2532.4061 2530.7734 2529.1798 2527.7384 2526.3913 2524.6567 2523.1141 2521.8572 2520.5202 2519.1073 2517.4130 2515.9665 2514.2400 2512.9859 2511.1759 2509.8273 2508.5735 2506.8845 2505.5355 2504.1235 2502.2663 2500.7289 2499.5611 2497.7388 2496.6240 2495.2171 2493.6056 2492.0492 2490.6352 2489.1395 2487.6100 2485.8330 2484.7422 2483.0165 2481.3481 2479.9652 2478.7070 2477.2487 2475.4349 2474.0129 2472.4562 2471.0022 2469.7522 2468.1624 2466.5278 2465.3446 2463.4285 2462.0934 2460.3969 2459.1062 2457.6289 2456.1029 2454.6431 2453.1120 2451.7886
2538.5467 2536.6239 2535.1106 2533.7520 2532.2376 2530.7488 2529.5869 2528.0942 2526.1279 2524.9184 2523.3405 2521.8098 2520.5507 2518.6398 2517.5314 2515.8363 2514.5300 2512.9554 2511.3915 2509.6931 2508.2203 2506.9991 2505.5579 2503.9188 2502.6502 2500.8418 2499.4121 2497.6842 2496.4058 2494.8876 2493.3783 2491.9813 2490.6884 2488.9018 2487.4910 2485.7417 2484.6577 2482.8309 2481.2755 2479.9914 2478.2543 2477.1574 2475.4669 2473.8154 2472.3173 2470.8037 2469.4185 2467.7824 2466.3969 2464.9669 2463.3739 2461.8301 2460.3200 2459.1557 2457.3690 2456.1822 2454.6561 2453.1620 2451.3691 2449.8763
2536.6783 2535.4511 2533.7991 2532.1456 2530.8413 2529.2790 2527.6646 2526.2725 2524.6788 2523.5472 2521.6482 2520.5664 2519.0729 2517.2427 2515.7910 2514.3428 2512.7699 2511.3782 2510.0984 2508.1933 2506.9636 2505.6271 2504.0164 2502.1723 2500.9140 2499.3824 2497.8743 2496.4704 2494.8373 2493.3946 2492.1239 2490.2491 2488.8217 2487.2256 2485.9238 2484.6176 2482.8339 2481.1893 2480.0835 2478.4135 2477.0990 2475.5274 2473.9420 2472.6279 2470.6985 2469.1743 2467.6304 2466.5583 2464.8326 2463.2867 2461.9810 2460.4062 2458.8215 2457.3878 2455.7019 2454.5749 2453.1259 2451.1790 2450.0124 2448.3976
2535.3051 2533.9454 2532.4676 2530.8923 2529.5097 2527.7078 2526.6284 2525.0255 2523.6222 2521.6611 2520.4706 2519.0574 2517.2074 2515.9623 2514.4340 2512.9367 2511.1515 2510.0774 2508.4137 2506.7769 2505.5101 2503.9296 2502.5488 2500.8884 2499.1252 2498.0193 2496.1979 2494.6742 2493.4839 2491.8155 2490.5567 2488.5822 2487.4191 2485.7662 2484.5181 2482.7899 2481.1180 2479.9937 2478.1923 2476.8615 2475.1737 2473.8740 2472.2426 2470.5475 2469.0434 2467.8115 2466.4770 2464.5726 2463.1996 2461.7642 2460.4142 2458.8409 2457.0497 2455.8564 2454.0615 2452.5762 2451.2296 2449.6368 2448.4580 2446.8824
2533.8357 2532.5574 2530.9484 2529.2491 2527.9070 2526.3653 2525.1798 2523.1831 2521.9308 2520.3777 2518.9931 2517.3186 2516.0205 2514.3763 2513.0434 2511.4096 2509.9182 2508.2649 2507.0461 2505.4560 2504.0768 2502.2981 2501.0540 2499.4689 2497.9260 2496.1838 2494.5668 2493.0684 2491.8839 2490.4023 2488.9054 2487.3497 2485.7007 2484.1226 2482.6242 2481.3871 2479.5996 2477.9940 2476.8188 2475.3884 2473.8109 2472.4405 2470.7733 2469.1500 2467.8546 2466.0905 2464.5518 2463.3785 2461.4729 2460.2426 2458.8577 2457.2610 2455.7847 2454.3306 2452.4367 2450.9299 2449.5875 2448.2621 2446.6673 2445.2558
2532.6563 2530.9365 2529.3801 2527.8666 2526.6537 2524.8078 2523.2321 2521.9081 2520.4238 2518.9538 2517.4660 2515.8479 2514.4166 2512.8020 2511.3475 2509.6792 2508.1444 2506.7285 2505.1759 2503.6380 2502.3893 2501.0242 2499.1910 2497.9319 2496.1518 2494.7333 2493.0350 2491.7125 2490.2151 2488.5408 2487.3842 2485.5822 2484.3855 2482.7431 2481.0968 2479.4634 2478.2104 2476.5923 2474.9013 2473.5340 2471.9441 2470.4036 2469.1755 2467.4761 2466.0179 2464.7170 2463.0897 2461.5261 2459.8695 2458.2792 2457.0942 2455.4213 2454.0029 2452.7305 2450.9581 2449.5731 2448.1132 2446.2333 2444.7995 2443.2481
2531.2906 2529.3787 2528.0554 2526.3485 2524.8280 2523.6694 2521.7804 2520.2846 2518.7421 2517.4574 2516.0027 2514.3249 2512.7247 2511.2699 2509.9364 2508.4892 2506.7862 2505.2066 2503.7773 2502.5026 2500.9191 2499.1298 2497.8239 2496.4152 2494.5958 2493.0896 2491.7726 2490.1795 2488.8652 2487.2978 2485.5728 2483.9847 2482.7328 2481.0459 2479.3906 2478.0930 2476.5452 2475.2084 2473.4774 2471.9119 2470.6151 2469.1229 2467.7166 2465.8004 2464.5065 2463.0839 2461.4106 2460.0538 2458.5193 2456.7794 2455.5675 2454.1309 2452.3488 2451.0268 2449.5829 2447.8257 2446.4723 2444.6327 2443.0964 2441.8962
2529.4422 2528.1770 2526.4547 2524.9903 2523.6938 2521.8640 2520.6795 2519.2006 2517.5437 2515.7628 2514.4039 2513.1698 2511.2699 2509.8262 2508.2659 2506.8735 2505.0972 2503.9339 2502.2960 2500.8466 2499.1817 2497.9814 2496.3209 2494.5328 2493.0524 2491.7844 2490.3542 2488.7742 2486.9202 2485.4538 2484.0429 2482.4022 2481.0268 2479.3669 2478.0387 2476.3646 2475.1995 2473.4362 2471.8880 2470.3140 2468.9668 2467.6498 2466.1338 2464.3023 2462.7986 2461.2284 2459.7240 2458.5617 2456.5856 2455.2700 2453.7259 2452.1052 2450.5036 2449.3232 2447.7368 2446.4291 2444.6255 2443.2528 2441.8341 2440.3046
2527.9859 2526.6340 2525.3067 2523.5691 2521.8791 2520.4670 2519.1249 2517.3702 2515.9719 2514.2941 2512.9694 2511.5702 2510.0804 2508.3637 2506.6360 2505.2907 2503.6042 2502.5607 2500.7539 2499.4530 2497.8862 2496.2601 2494.6031 2493.0660 2491.4421 2490.0302 2488.8655 2486.9312 2485.4781 2484.1244 2482.7330 2480.8555 2479.5711 2478.1438 2476.3644 2474.8559 2473.5659 2472.0462 2470.3834 2468.7124 2467.2867 2465.9130 2464.3817 2462.6303 2461.1953 2459.9734 2458.3158 2456.5739 2455.2965 2453.5755 2452.2977 2450.5219 2449.3200 2447.3880 2445.9163 2444.3201 2442.8159 2441.7157 2440.1854 2438.6075
2526.9258 2525.4169 2523.5046 2522.1273 2520.5714 2519.2952 2517.6153 2515.8137 2514.6611 2513.1848 2511.7217 2509.8015 2508.6096 2506.9456 2505.4682 2503.9216 2502.5035 2500.7437 2499.1522 2497.9063 2496.0164 2494.9272 2492.9781 2491.6737 2490.0650 2488.6787 2486.9053 2485.4303 2483.9420 2482.5490 2480.8015 2479.4021 2478.1943 2476.6421 2475.1242 2473.5730 2472.0246 2470.4137 2468.7879 2467.1897 2465.5983 2464.0365 2462.7123 2461.4243 2459.7960 2457.9558 2456.5786 2454.9331 2453.3742 2451.9541 2450.3324 2449.1292 2447.3698 2445.8041 2444.2963 2442.7761 2441.6243 2439.9430 2438.1911 2436.6241
2525.4563 2523.7033 2522.4163 2520.5802 2519.3355 2517.8439 2516.2266 2514.6467 2513.2003 2511.6278 2509.7735 2508.2438 2506.9577 2505.3496 2504.1068 2502.3593 2500.9335 2499.4389 2497.9048 2496.2479 2494.4787 2493.3372 2491.4230 2490.3728 2488.7294 2486.8805 2485.4825 2484.0318 2482.4709 2481.1627 2479.3751 2477.9530 2476.1501 2474.8885 2473.3459 2471.7601 2470.1947 2468.9389 2467.1068 2465.4831 2464.0079 2462.6888 2461.2356 2459.7893 2458.1713 2456.4775 2454.9566 2453.7025 2451.8118 2450.4048 2448.9562 2447.1404 2445.9280 2444.2590 2442.9743 2441.1554 2439.9296 2438.2230 2436.6412 2435.0281
2523.7118 2522.3475 2520.7158 2519.2384 2517.6322 2516.2123 2514.7812 2513.1264 2511.7556 2510.2194 2508.3608 2507.1100 2505.2197 2504.0688 2502.1527 2500.8704 2499.1052 2497.8974 2496.1009 2494.8706 2493.3275 2491.6911 2490.0760 2488.4893 2487.0555 2485.7897 2484.1820 2482.7097 2481.1855 2479.6634 2477.9078 2476.3381 2474.6474 2473.4377 2471.9652 2470.3570 2468.8696 2467.0680 2465.8441 2464.2932 2462.5952 2460.8591 2459.3671 2458.0797 2456.6804 2455.0789 2453.2908 2451.9991 2450.2292 2448.9518 2447.3177 2445.6979 2444.1022 2442.9352 2441.1469 2439.6775 2437.9323 2436.5338 2435.2612 2433.4401
2522.5190 2521.0130 2519.3104 2517.5573 2516.4181 2514.7441 2513.3967 2511.8411 2510.3204 2508.7734 2507.2504 2505.3808 2504.0883 2502.2777 2500.7755 2499.3338 2497.6164 2496.4019 2494.6632 2493.2853 2491.6523 2490.2220 2488.4789 2486.8795 2485.5660 2483.7811 2482.6287 2480.8779 2479.2492 2477.7546 2476.4701 2474.7157 2473.1942 2471.9722 2470.3667 2468.6398 2467.1948 2465.3933 2464.0739 2462.7636 2461.2524 2459.2344 2458.0399 2456.5318 2454.6355 2453.2913 2452.0063 2450.2626 2448.6590 2447.1712 2445.6951 2444.2432 2442.3977 2440.8844 2439.6536 2438.2394 2436.7077 2434.9756 2433.2889 2431.7148
2520.8490 2519.5975 2517.8095 2516.3107 2514.6960 2512.9916 2511.8177 2510.3223 2508.6257 2507.2299 2505.3192 2504.1617 2502.4090 2500.7004 2499.3722 2497.8653 2496.1154 2495.0059 2493.0998 2491.6953 2490.1070 2488.5781 2486.9170 2485.3830 2483.8246 2482.4348 2481.0794 2479.3287 2477.8611 2476.1516 2474.9280 2473.2372 2471.5890 2469.9586 2468.4802 2467.3233 2465.5086 2463.9014 2462.4684 2461.1533 2459.4725 2457.8461 2456.5204 2454.9211 2453.4282 2451.9127 2450.0859 2448.8994 2447.2971 2445.7433 2444.2229 2442.5722 2440.7750 2439.3319 2438.1293 2436.5322 2434.8066 2433.2122 2431.8032 2430.4354
2519.3327 2517.7084 2516.2325 2514.7639 2513.3791 2511.7200 2510.3527 2508.4869 2507.2266 2505.4273 2503.8457 2502.5509 2500.7122 2499.1766 2497.7423 2496.3374 2494.6248 2493.4967 2491.5552 2490.2169 2488.3992 2487.0057 2485.7351 2483.8882 2482.5320 2480.9242 2479.5538 2478.0065 2476.3294 2474.8034 2473.4486 2471.6044 2470.2853 2468.5095 2467.2165 2465.6887 2464.0818 2462.2213 2460.8623 2459.2595 2457.9966 2456.3425 2454.7348 2453.4398 2451.7272 2450.1845 2448.7502 2446.8523 2445.6978 2444.0340 2442.4896 2440.7514 2439.4683 2437.6494 2436.1805 2434.7791 2433.3114 2431.5780 2430.3216 2428.3355
2517.8300 2516.5763 2514.9437 2513.3285 2511.8857 2510.3137 2508.8803 2507.3416 2505.5617 2504.2031 2502.7649 2501.2366 2499.2962 2498.0051 2496.2119 2494.9967 2493.3453 2491.8366 2490.1255 2488.8346 2487.2785 2485.6285 2484.0056 2482.3515 2480.7773 2479.5766 2478.0802 2476.0946 2474.6990 2473.1471 2471.4929 2469.9247 2468.7336 2467.1682 2465.5369 2464.0025 2462.4376 2461.0387 2459.3050 2457.7326 2456.4654 2454.7819 2453.2390 2451.7754 2449.9906 2448.6015 2447.1869 2445.5443 2443.8346 2442.2181 2440.9041 2439.0855 2437.9148 2436.3670 2434.6424 2432.9995 2431.6665 2430.2328 2428.3345 2427.1495
