Dimension Analysis/Large/CA-TP3_Gini_0.81/dem_big_area.txt
ncols         600
nrows         600
xllcorner     100000
yllcorner     100000
cellsize      10
NODATA_value  -9999
[rows 520 to 545 of 600, columns 420 to 479 of 600]
1947.2738 1949.4000 1951.6545 1954.1855 1956.2784 1958.6533 1960.8604 1962.7719 1965.0640 1967.5450 1969.9384 1971.8710 1974.0372 1976.3439 1978.6905 1981.0670 1983.0860 1985.4047 1987.7081 1990.0516 1992.0260 1994.3659 1996.6628 1998.9199 2001.1469 2003.3288 2005.4029 2007.6571 2009.9839 2012.4040 2014.7481 2016.8295 2019.2618 2021.1219 2023.7123 2026.0640 2028.1327 2030.2944 2032.3406 2034.8940 2036.8314 2039.2343 2041.4857 2043.9686 2046.0011 2048.3261 2050.3776 2052.5787 2055.1724 2057.3045 2059.7085 2061.8013 2064.0327 2066.0369 2068.5373 2070.8869 2072.9586 2075.0374 2077.3582 2079.5544
1945.5452 1947.9364 1949.7787 1952.0085 1954.5542 1956.8241 1959.0303 1961.0145 1963.1731 1965.6772 1967.6792 1970.2779 1972.4874 1974.7210 1976.7436 1979.0076 1981.5731 1983.7089 1985.6764 1988.2786 1990.3964 1992.7592 1994.6451 1997.0330 1999.3641 2001.6311 2004.0615 2005.9721 2008.1955 2010.5544 2012.7381 2015.1753 2017.0981 2019.4656 2021.8243 2023.9810 2026.3865 2028.3855 2030.7390 2032.8742 2035.4451 2037.4057 2039.6863 2042.0980 2044.2964 2046.7414 2048.9267 2050.8327 2053.2942 2055.5946 2057.9519 2060.0963 2062.4229 2064.3725 2066.8794 2069.0352 2071.3856 2073.7284 2075.6228 2077.9127
1943.8161 1945.7008 1948.3088 1950.2944 1952.5866 1954.6056 1956.8964 1959.3487 1961.3666 1963.9569 1966.1500 1968.2949 1970.6915 1972.6091 1974.9704 1977.3408 1979.4656 1981.7433 1983.9330 1986.4543 1988.5738 1990.6773 1993.1676 1995.3475 1997.6828 1999.6856 2002.0952 2004.5379 2006.3819 2008.7436 2011.2780 2013.3990 2015.7863 2017.6338 2019.9838 2022.2283 2024.8369 2026.6250 2029.3014 2031.3248 2033.6708 2035.7977 2038.2985 2040.3293 2042.5681 2044.7364 2046.8856 2049.5087 2051.5215 2053.9257 2056.0215 2058.2101 2060.4903 2062.8070 2065.3105 2067.1486 2069.3784 2072.0395 2073.9651 2076.3709
1941.7136 1943.7643 1946.3647 1948.2966 1950.5165 1953.0952 1955.4706 1957.7166 1959.8516 1962.1211 1964.2763 1966.5922 1968.6635 1970.9520 1973.4706 1975.7087 1977.9287 1979.8767 1982.2020 1984.4053 1986.7172 1988.8654 1991.2064 1993.3234 1995.7794 1998.0889 2000.5002 2002.4023 2004.7895 2007.2325 2009.4524 2011.5202 2014.0446 2016.3100 2018.4759 2020.4395 2022.7400 2025.0360 2027.2954 2029.8722 2031.6705 2034.1426 2036.2615 2038.4015 2041.1499 2043.3282 2045.4557 2047.9118 2049.7640 2052.3962 2054.5893 2056.9118 2059.1252 2061.1425 2063.5621 2065.5814 2068.1240 2070.3932 2072.5188 2074.6011
1940.0090 1942.2408 1944.3920 1946.8055 1948.6698 1951.0894 1953.6219 1955.8731 1957.9730 1960.2634 1962.2686 1964.8046 1967.1696 1969.4223 1971.5011 1973.8025 1975.9877 1978.1490 1980.7586 1983.0041 1985.0079 1987.1407 1989.7771 1991.6212 1993.8779 1996.2732 1998.7081 2000.7722 2003.3199 2005.3183 2007.8006 2009.8985 2011.8980 2014.4871 2016.8512 2018.9057 2021.0914 2023.3118 2025.6722 2028.1544 2030.3679 2032.2190 2034.5848 2036.7053 2039.3590 2041.2043 2043.7948 2045.9122 2048.3426 2050.2363 2052.6630 2054.7517 2057.2966 2059.5119 2061.6810 2064.2215 2066.2186 2068.6789 2070.5570 2072.9966
1938.1402 1940.1152 1942.3168 1944.5781 1947.2597 1949.4881 1951.6828 1953.9449 1956.0764 1958.1322 1960.7184 1962.7714 1965.4002 1967.3171 1969.8883 1971.9384 1974.1391 1976.2408 1978.6660 1980.9927 1983.2036 1985.2759 1987.9900 1989.9949 1992.4378 1994.5036 1996.7490 1998.9184 2001.4714 2003.4331 2005.8188 2008.0433 2010.2798 2012.7093 2015.0208 2017.0651 2019.3229 2021.4973 2023.6911 2026.0321 2028.2352 2030.5069 2032.8038 2035.1697 2037.5293 2039.6052 2041.8438 2044.2288 2046.5362 2048.6500 2050.8813 2053.4717 2055.3946 2057.8298 2059.8619 2062.1580 2064.6580 2067.1215 2069.0574 2071.5387
1936.4277 1938.2483 1940.5502 1942.9779 1945.4214 1947.6447 1949.9727 1952.1082 1954.5281 1956.4474 1958.6183 1961.2228 1963.3650 1965.5643 1968.0789 1970.1752 1972.2365 1974.4323 1977.1622 1979.4248 1981.3484 1983.8934 1986.1100 1988.0464 1990.6237 1992.6988 1995.2677 1997.2958 1999.5687 2001.7633 2003.8745 2006.5492 2008.7892 2010.9824 2013.0204 2015.5059 2017.8394 2020.1356 2022.4053 2024.7015 2026.7683 2029.0946 2031.2630 2033.5834 2035.8559 2038.1598 2040.5367 2042.5010 2044.6162 2047.1873 2049.4041 2051.5361 2053.8824 2056.3177 2058.5803 2060.6698 2063.0741 2065.2611 2067.6166 2069.6867
1934.3207 1936.5190 1938.8450 1941.1415 1943.5632 1945.7631 1947.9087 1950.2905 1952.6982 1954.8886 1957.0881 1959.2301 1961.7216 1963.8174 1966.2059 1968.2264 1970.7987 1972.6908 1975.1073 1977.5315 1979.7061 1982.0680 1984.1392 1986.5358 1988.8456 1990.8200 1993.5242 1995.6387 1998.0486 2000.1134 2002.2837 2004.4101 2006.9695 2009.3589 2011.3526 2013.9007 2016.1807 2018.1278 2020.3523 2022.5407 2024.8205 2027.2862 2029.6728 2031.7818 2033.9698 2036.3984 2038.6514 2040.8075 2043.0960 2045.4644 2047.8807 2049.8147 2052.4222 2054.3744 2056.5674 2059.2464 2061.0793 2063.7819 2065.9723 2068.2582
1932.2444 1934.5085 1936.8158 1939.0925 1941.7278 1943.9317 1946.3438 1948.1968 1950.8270 1952.6661 1955.3555 1957.5048 1959.5991 1962.0797 1964.3733 1966.6688 1969.0153 1971.0129 1973.5660 1975.6612 1978.0979 1979.9395 1982.2218 1984.8443 1987.0931 1989.0483 1991.5328 1993.8090 1995.8057 1998.2650 2000.5490 2002.7892 2005.2719 2007.4882 2009.6309 2011.7756 2014.1724 2016.4196 2018.6574 2021.0575 2023.5359 2025.6900 2027.8870 2030.0820 2032.4740 2034.6394 2037.1134 2039.2333 2041.6342 2043.8988 2045.8085 2048.3229 2050.3961 2052.9125 2055.2426 2057.3228 2059.7260 2061.7708 2064.2119 2066.4608
1930.8402 1933.1295 1935.0934 1937.2137 1939.5055 1941.7892 1944.1347 1946.4014 1948.8636 1951.1918 1953.1722 1955.5000 1958.0350 1960.2044 1962.5206 1964.9695 1966.9535 1969.4995 1971.6164 1973.7485 1976.1043 1978.5340 1980.5320 1983.1484 1985.3539 1987.4755 1989.6026 1991.9534 1994.2120 1996.6895 1998.7425 2001.2283 2003.1983 2005.6414 2008.1580 2010.0643 2012.4110 2014.9760 2016.9358 2019.1927 2021.4081 2024.0901 2026.2300 2028.4539 2030.6848 2032.9079 2035.1046 2037.4290 2039.7535 2041.8095 2044.1453 2046.4392 2048.6524 2051.2103 2053.5283 2055.7919 2058.1624 2060.3032 2062.6562 2064.7729
1928.7754 1930.9905 1933.2978 1935.5827 1937.6490 1940.0648 1942.2360 1944.6865 1946.8766 1949.0535 1951.5433 1953.8578 1955.8862 1958.4500 1960.7681 1962.7599 1965.4293 1967.7003 1969.5755 1972.0266 1974.3554 1976.4752 1978.9542 1981.1773 1983.6232 1985.7565 1987.9519 1990.3574 1992.6096 1994.6384 1997.2599 1999.1972 2001.8089 2004.0064 2006.2866 2008.3735 2010.9566 2013.1930 2015.2958 2017.5393 2020.0959 2021.9169 2024.5327 2026.8716 2028.7931 2031.1102 2033.4644 2035.7446 2037.8322 2040.5949 2042.6615 2045.1217 2047.3859 2049.2182 2051.9264 2054.1009 2056.1535 2058.6568 2060.9251 2063.1889
1927.0744 1929.1399 1931.2366 1933.5577 1936.2681 1938.5703 1940.6420 1943.0571 1945.4157 1947.6763 1949.5130 1951.7641 1954.0518 1956.5813 1958.8164 1960.8915 1963.5765 1965.5633 1967.7375 1970.2949 1972.4087 1974.8945 1976.8550 1979.2119 1981.7223 1984.1479 1986.2209 1988.5056 1990.9644 1993.3083 1995.1448 1997.7971 1999.7660 2002.1875 2004.6352 2006.9039 2008.9077 2011.1016 2013.8010 2015.7940 2017.9527 2020.4060 2022.8400 2025.0688 2027.1089 2029.7962 2031.7151 2034.0994 2036.1623 2038.4920 2041.0629 2043.0397 2045.6775 2048.0261 2049.8248 2052.3743 2054.4802 2056.8573 2059.0088 2061.4583
1925.0196 1927.1695 1929.4324 1932.1335 1934.1069 1936.3654 1938.6792 1940.9273 1943.3563 1945.3969 1947.7887 1950.3795 1952.3611 1954.7585 1957.2009 1959.4664 1961.4801 1963.6882 1966.0475 1968.4587 1970.7138 1972.9690 1975.4103 1977.8357 1979.6452 1982.3114 1984.5466 1986.4860 1989.2613 1991.2085 1993.7210 1996.1077 1997.9689 2000.6740 2002.8528 2005.0841 2007.2320 2009.7363 2011.9982 2014.3139 2016.4489 2018.7273 2021.1787 2023.1078 2025.6524 2028.0414 2030.1207 2032.4367 2034.5983 2036.8777 2039.4974 2041.7143 2043.6086 2046.1109 2048.6155 2050.4755 2052.7901 2055.3770 2057.6033 2059.6894
1923.2709 1925.4204 1927.6674 1930.2369 1932.2349 1934.7993 1936.8338 1939.1864 1941.6571 1943.9001 1946.1226 1948.4809 1950.4691 1952.8868 1955.0383 1957.7459 1960.0302 1962.3016 1964.3269 1966.5204 1969.0394 1971.3852 1973.7758 1975.5836 1978.2951 1980.4347 1982.6723 1985.1955 1987.3404 1989.6160 1991.7227 1994.0386 1996.3993 1998.4885 2000.9596 2003.0305 2005.5595 2007.7969 2010.1461 2012.5259 2014.6093 2017.0058 2019.4271 2021.8037 2023.9370 2026.0130 2028.5435 2030.6481 2032.7934 2035.3182 2037.6484 2040.0347 2042.2689 2044.5734 2046.7394 2049.2074 2051.4240 2053.4409 2055.6336 2058.3154
1921.3786 1923.7055 1925.7970 1928.3770 1930.4575 1932.7675 1934.9206 1937.3178 1939.8568 1942.2021 1944.3709 1946.7515 1948.8770 1951.2028 1953.5311 1955.8328 1958.2386 1960.1331 1962.8039 1964.6981 1967.0336 1969.3098 1971.8860 1973.9665 1976.3678 1978.6648 1980.9546 1983.3954 1985.5758 1987.8569 1989.9644 1992.2927 1994.4293 1996.9663 1999.4012 2001.3540 2003.9008 2005.9178 2008.5108 2010.8365 2013.0563 2015.1394 2017.7755 2019.9299 2022.1734 2024.4118 2026.7182 2029.2139 2031.4463 2033.6191 2036.1098 2038.3622 2040.5672 2042.7128 2045.1006 2047.1406 2049.6684 2051.8273 2054.2937 2056.4213
1919.7279 1921.8208 1923.9753 1926.2907 1928.6646 1930.9069 1933.1416 1935.7787 1937.7409 1940.2576 1942.4090 1944.9095 1946.9335 1949.4249 1951.8166 1953.7762 1956.0542 1958.3135 1961.0158 1962.9076 1965.3563 1967.9177 1970.2068 1972.1633 1974.7211 1976.9430 1978.9861 1981.6356 1983.8332 1986.2558 1988.4401 1990.4992 1993.0309 1995.2110 1997.5290 1999.7714 2001.9690 2004.3600 2006.4838 2008.7940 2011.2369 2013.7978 2015.9177 2018.0924 2020.3309 2022.5439 2025.0203 2027.2093 2029.3926 2031.7951 2034.0568 2036.3470 2038.9806 2041.0876 2043.3124 2045.5818 2047.8001 2050.1608 2052.6311 2054.7367
1917.4578 1920.0601 1922.2938 1924.3145 1926.8919 1928.9953 1931.6907 1933.9318 1935.9305 1938.5225 1940.8449 1943.0495 1945.1084 1947.4049 1949.8508 1951.9120 1954.4632 1956.8353 1958.8868 1961.4103 1963.6427 1966.1052 1968.2567 1970.5919 1972.6538 1975.1514 1977.3938 1979.8234 1981.7766 1984.4781 1986.8321 1988.8012 1991.3713 1993.3456 1995.6419 1997.8763 2000.1893 2002.6024 2004.9612 2007.2661 2009.5160 2012.0823 2014.1684 2016.5280 2018.6827 2021.2735 2023.4727 2025.7002 2028.0066 2030.3176 2032.5283 2034.8697 2037.1259 2039.4025 2041.6305 2044.0342 2046.2239 2048.7135 2050.9642 2053.1601
1915.9879 1918.1168 1920.6423 1922.8690 1925.1574 1927.4084 1929.4212 1932.0690 1934.1595 1936.2755 1938.6734 1940.9151 1943.6509 1945.6522 1947.9787 1950.1043 1952.7790 1955.0636 1957.3241 1959.6800 1961.9621 1964.0188 1966.4535 1968.8769 1971.0492 1973.5518 1975.4806 1978.0257 1979.9993 1982.4445 1984.9478 1986.9326 1989.6778 1991.9309 1994.1878 1996.4164 1998.3978 2000.8832 2003.3774 2005.4015 2007.7835 2010.3605 2012.3629 2014.8020 2017.2659 2019.4722 2021.4474 2023.8460 2026.4645 2028.4911 2030.8820 2033.1481 2035.3372 2037.7536 2040.0020 2042.3087 2044.6921 2046.8641 2049.0235 2051.3696
1913.7475 1916.4650 1918.7338 1920.9338 1923.2354 1925.2408 1927.7316 1930.1101 1932.4236 1934.5735 1936.7732 1939.2296 1941.4015 1943.8052 1946.4237 1948.5867 1950.7818 1953.2447 1955.4119 1957.8905 1959.9747 1962.4114 1964.7402 1966.8666 1969.1889 1971.7717 1973.9620 1976.0858 1978.3665 1980.9261 1983.2866 1985.6198 1987.5439 1989.7702 1992.3792 1994.4496 1996.8287 1999.0329 2001.5175 2003.8016 2006.3541 2008.5289 2010.8635 2012.9268 2015.4957 2017.6248 2019.8637 2022.2602 2024.6607 2026.8157 2028.9527 2031.4393 2033.8984 2036.0944 2038.3108 2040.7975 2043.1925 2045.4288 2047.8111 2049.8310
1912.3432 1914.3763 1916.5938 1919.1455 1921.2694 1923.5780 1926.0311 1928.2725 1930.7749 1932.9524 1935.2677 1937.3102 1939.6539 1942.2660 1944.2003 1946.8564 1949.1703 1951.5740 1953.8744 1955.9533 1958.3149 1960.7093 1963.0706 1965.2719 1967.6313 1969.7926 1971.9407 1974.2493 1976.9611 1979.1187 1981.2571 1983.4121 1985.9793 1988.4309 1990.4701 1993.0125 1995.4170 1997.6514 1999.6424 2002.1475 2004.5120 2006.5533 2008.8264 2011.1304 2013.6021 2015.9079 2018.3894 2020.7333 2022.6404 2025.1170 2027.4558 2029.6229 2032.2295 2034.2215 2036.6000 2038.9278 2041.5622 2043.7545 2046.1436 2048.4010
1910.1230 1912.4203 1914.9667 1917.0521 1919.6147 1921.7311 1924.0331 1926.3393 1928.6884 1930.8509 1933.2364 1935.4648 1937.7550 1940.1571 1942.7138 1944.8772 1947.1872 1949.5004 1951.8236 1954.3738 1956.2904 1958.8522 1961.2013 1963.2754 1965.9148 1967.8125 1970.1597 1972.6934 1974.8766 1977.3003 1979.5042 1982.1257 1984.1906 1986.3301 1988.8169 1991.0848 1993.2639 1995.7536 1997.8980 2000.2286 2002.9257 2005.0843 2007.0609 2009.7746 2011.7895 2014.0962 2016.3816 2018.6208 2021.0116 2023.4871 2025.7578 2028.0926 2030.3342 2032.7232 2034.8783 2037.1364 2039.4284 2041.8775 2044.3721 2046.7733
1908.5911 1910.8646 1912.9629 1915.2437 1917.6368 1920.1636 1922.3075 1924.4332 1926.9700 1929.2075 1931.3436 1933.6485 1936.4209 1938.4239 1940.7841 1942.9117 1945.4098 1947.5039 1950.0581 1952.2466 1954.6902 1956.8111 1959.5521 1961.5815 1963.7923 1966.3305 1968.3710 1970.9248 1973.1827 1975.4847 1977.7796 1980.3803 1982.5727 1984.6838 1987.0615 1989.3136 1991.9446 1994.0199 1996.4932 1998.5354 2000.7356 2003.2748 2005.5607 2007.7317 2010.4613 2012.3142 2015.0072 2017.2755 2019.2904 2021.9549 2024.3277 2026.5556 2028.8154 2031.0390 2033.1567 2035.6397 2038.1831 2040.4682 2042.5363 2045.1748
1906.3870 1908.9198 1911.1868 1913.5963 1915.6794 1918.2969 1920.6450 1922.7732 1925.0529 1927.6473 1929.9389 1931.8315 1934.4575 1936.7898 1938.7826 1941.2070 1943.6399 1945.8371 1948.2764 1950.3529 1952.6567 1955.0702 1957.4712 1960.0027 1962.1386 1964.7053 1967.0268 1969.1386 1971.5075 1973.9067 1976.1427 1978.5956 1980.8173 1982.8593 1985.4869 1987.7700 1989.9368 1992.3599 1994.7854 1996.7618 1999.1116 2001.4073 2003.7380 2006.3612 2008.3160 2010.8951 2013.1615 2015.2542 2017.8645 2020.0330 2022.2220 2024.6718 2026.9229 2029.4275 2031.8170 2033.9916 2036.1900 2038.4599 2041.1113 2043.2900
1904.5070 1907.0027 1909.1519 1911.8005 1914.2182 1916.3172 1918.6266 1921.1155 1923.1916 1925.7836 1927.6967 1930.0427 1932.6287 1934.7647 1936.9973 1939.4339 1941.6852 1944.2035 1946.6815 1948.9489 1951.0974 1953.5310 1955.6965 1958.1069 1960.5837 1962.6606 1965.0571 1967.2212 1969.5308 1972.2407 1974.4286 1976.6505 1979.1984 1981.4080 1983.8066 1986.0575 1988.0325 1990.4739 1992.6415 1995.0860 1997.5948 1999.6177 2002.1822 2004.5179 2006.7105 2008.8940 2011.3100 2013.7175 2016.2747 2018.1789 2020.6681 2023.2583 2025.5988 2027.6414 2029.8668 2032.4270 2034.8827 2037.2007 2039.2197 2041.3822
1902.7324 1905.3583 1907.7303 1909.7995 1912.3304 1914.5534 1916.8668 1919.0915 1921.4959 1923.7693 1926.1507 1928.1766 1930.5118 1933.0103 1935.5255 1937.6027 1940.0734 1942.3845 1944.4918 1947.1115 1949.1536 1951.8605 1954.1978 1956.1829 1958.7538 1961.1801 1963.3593 1965.4736 1967.8030 1970.3655 1972.3585 1974.8847 1977.2805 1979.6696 1981.8392 1984.1715 1986.5899 1988.7241 1991.0470 1993.6069 1995.7765 1997.9527 2000.2282 2002.7644 2005.3315 2007.5151 2009.9438 2012.1254 2014.1883 2016.7134 2019.0120 2021.5997 2023.8435 2025.8312 2028.4930 2030.7886 2033.0601 2035.3000 2037.8792 2040.0817
1900.9056 1903.4781 1905.4812 1907.7530 1910.2403 1912.8627 1914.8587 1917.2485 1919.5308 1922.1577 1924.2463 1926.4049 1928.7146 1931.3547 1933.5044 1935.7904 1938.3934 1940.4982 1942.9332 1945.1464 1947.6378 1949.7651 1952.4210 1954.4940 1956.7490 1959.0914 1961.3735 1964.0041 1966.1845 1968.5727 1970.7746 1972.9395 1975.5621 1977.7410 1980.1495 1982.4909 1984.7982 1986.9944 1989.6210 1991.5357 1994.1449 1996.1830 1998.6061 2001.3026 2003.5366 2005.9685 2008.0221 2010.3111 2012.5453 2014.9412 2017.2212 2019.4588 2021.8707 2024.2893 2026.5194 2028.8494 2031.4689 2033.7565 2036.1342 2038.4549
