Dimension Analysis/Large/CA-TP3_Gini_0.81/dem_big_area.txt
ncols         600
nrows         600
xllcorner     100000
yllcorner     100000
cellsize      10
NODATA_value  -9999
[rows 468 to 493 of 600, columns 300 to 359 of 600]
1795.0281 1797.3781 1799.2929 1801.3597 1803.6519 1805.7724 1807.7236 1809.6006 1811.6845 1813.8547 1815.8398 1818.0551 1819.9865 1821.9540 1824.4564 1826.3489 1828.2016 1830.4742 1832.5963 1834.5682 1836.4723 1838.6727 1840.7493 1842.8247 1845.1233 1846.8394 1849.1417 1850.9126 1853.1867 1855.1210 1857.5189 1859.1568 1861.3588 1863.3417 1865.8359 1867.4779 1869.6566 1872.0329 1873.9193 1875.7543 1878.0894 1879.9862 1882.1763 1884.0340 1886.0702 1888.2054 1890.6015 1892.6094 1894.4721 1896.4976 1898.5850 1900.7630 1902.7185 1904.7875 1906.8159 1908.8905 1911.3430 1913.0880 1915.4781 1917.2021
1793.1558 1795.2967 1796.9926 1798.9662 1801.5156 1803.1306 1805.5623 1807.4322 1809.3704 1811.5452 1813.8465 1815.5824 1817.8760 1819.9444 1821.8909 1823.9084 1826.3248 1828.4561 1830.2774 1832.3488 1834.2324 1836.7253 1838.7590 1840.6156 1842.8021 1844.6064 1847.1305 1849.0191 1851.0099 1853.0820 1855.0310 1857.1413 1859.2783 1861.6242 1863.4035 1865.4261 1867.5915 1869.5683 1871.6089 1874.0792 1875.6836 1878.1091 1880.2376 1881.8735 1883.9921 1886.4748 1888.4840 1890.5944 1892.5329 1894.4442 1896.6642 1898.9431 1900.8779 1902.6359 1905.1083 1906.7499 1909.0786 1911.2711 1913.0912 1915.0605
1790.5464 1792.9250 1795.1264 1796.7983 1799.2770 1801.0574 1803.3561 1805.4261 1807.4305 1809.4716 1811.4903 1813.7084 1815.4056 1817.5204 1819.6371 1821.6890 1823.7270 1825.8061 1828.1167 1829.9536 1832.2969 1834.3045 1836.3019 1838.2637 1840.4658 1842.8188 1844.7172 1846.6986 1849.0108 1850.7494 1852.8866 1855.3310 1857.1808 1859.3889 1861.1273 1863.4673 1865.3570 1867.5371 1869.8015 1871.8878 1873.6876 1876.0175 1877.8073 1879.7839 1881.8500 1884.3407 1886.1653 1888.2167 1890.3386 1892.6957 1894.5106 1896.4872 1898.9304 1900.8943 1903.0877 1904.8810 1907.1220 1908.9347 1911.3623 1913.1485
1788.6663 1790.5653 1792.8698 1794.7765 1796.6733 1798.7537 1800.8647 1802.7941 1805.2519 1807.0853 1809.1154 1811.2501 1813.5226 1815.4531 1817.7871 1819.4699 1821.7183 1823.8784 1825.8878 1827.7859 1829.8824 1832.3112 1834.2420 1836.5208 1838.1820 1840.6386 1842.3273 1844.4432 1846.6147 1848.7849 1850.9727 1853.0647 1855.1562 1857.1669 1858.9751 1861.3119 1863.5141 1865.3055 1867.3715 1869.5939 1871.6040 1873.9104 1875.9538 1877.9984 1880.0890 1882.2093 1884.2835 1886.1740 1888.1267 1890.2328 1892.6963 1894.7551 1896.7870 1898.8027 1900.8307 1902.7788 1905.0887 1906.8855 1909.1810 1911.3503
1786.1744 1788.1245 1790.2814 1792.3450 1794.4013 1796.4788 1798.6633 1800.8162 1802.7121 1804.8965 1807.1987 1809.0228 1811.1504 1813.0674 1815.3645 1817.4881 1819.3080 1821.4843 1823.6583 1825.6589 1828.0690 1829.7462 1832.0697 1833.9331 1836.1570 1838.1964 1840.1724 1842.2470 1844.7333 1846.6015 1848.7688 1850.7587 1852.9826 1854.9697 1856.9472 1859.1643 1861.1409 1863.2574 1865.3448 1867.4868 1869.3702 1871.4440 1873.6498 1875.8564 1877.8588 1879.9753 1881.8891 1884.1435 1886.3896 1888.0796 1890.5103 1892.2287 1894.4693 1896.7527 1898.5586 1900.7569 1902.7573 1905.0559 1907.1200 1909.2665
1783.9905 1786.0202 1787.9654 1790.0018 1792.4904 1794.4739 1796.5920 1798.5033 1800.8336 1802.6351 1804.5954 1806.7663 1808.8869 1810.8894 1812.9464 1815.4416 1817.2044 1819.5036 1821.4603 1823.5282 1825.8267 1827.9953 1829.8881 1831.7891 1833.7949 1835.9867 1838.3583 1840.1415 1842.2077 1844.5443 1846.4645 1848.6113 1850.9462 1852.8731 1855.1237 1856.9453 1859.2046 1861.2253 1863.4277 1865.2808 1867.3954 1869.6507 1871.7681 1873.8638 1875.9590 1878.0545 1879.8417 1881.8988 1884.0379 1886.3623 1888.4772 1890.4314 1892.5733 1894.4781 1896.5126 1898.8369 1900.6086 1903.0329 1904.8480 1907.2776
1781.5926 1783.6196 1786.0947 1787.7962 1789.9398 1792.2035 1794.0860 1796.1560 1798.6282 1800.4339 1802.7505 1804.8853 1806.8530 1808.7612 1811.1593 1813.1839 1815.2053 1817.0723 1819.1470 1821.2537 1823.5691 1825.7925 1827.8318 1829.8250 1831.8462 1833.7280 1835.8964 1838.2487 1840.0674 1842.2212 1844.3039 1846.4906 1848.7396 1850.4469 1852.7888 1855.0514 1856.7304 1858.8303 1861.2561 1863.3954 1865.1936 1867.4285 1869.4535 1871.7856 1873.4567 1875.5746 1877.8686 1880.1331 1881.8772 1884.0677 1886.0524 1888.2599 1890.2141 1892.6051 1894.7784 1896.6978 1898.6623 1900.8342 1902.7373 1905.0834
1779.3998 1781.6221 1783.5529 1785.7111 1787.7602 1790.0062 1792.2673 1793.8970 1796.4071 1798.4909 1800.4249 1802.5928 1804.5098 1806.6472 1808.9789 1810.8439 1812.8789 1815.0716 1817.2528 1819.2590 1821.3507 1823.6366 1825.6449 1827.6850 1829.8875 1831.7372 1833.7401 1836.1817 1837.8461 1840.1285 1842.3468 1844.5891 1846.4650 1848.7102 1850.6983 1852.6459 1855.0164 1856.8681 1858.9071 1861.1475 1863.1988 1865.0381 1867.5520 1869.6914 1871.7974 1873.8607 1875.9665 1878.0394 1879.8306 1881.8430 1884.2770 1886.2405 1888.5049 1890.1578 1892.3555 1894.4082 1896.7266 1898.7132 1901.0036 1903.0731
1777.4379 1779.1825 1781.5159 1783.6949 1785.5750 1787.7195 1789.7560 1792.1187 1794.0146 1796.0444 1798.3872 1800.2970 1802.2951 1804.5145 1806.6714 1808.5148 1810.9943 1812.6262 1815.1734 1817.2792 1818.9262 1821.2134 1823.1898 1825.1869 1827.4871 1829.7308 1831.6777 1834.0301 1836.1172 1837.8886 1840.0730 1842.1191 1844.3071 1846.3062 1848.7041 1850.6476 1852.4724 1855.0208 1856.9380 1859.0332 1861.2385 1863.3856 1865.2414 1867.2609 1869.2663 1871.3492 1873.5688 1875.6086 1877.7934 1879.8290 1881.9471 1884.1872 1886.0229 1888.4624 1890.3809 1892.4210 1894.4848 1896.4611 1898.5865 1900.8176
1774.8255 1777.1831 1779.0935 1781.2653 1783.2851 1785.4713 1787.8051 1789.8398 1791.9651 1793.7965 1796.0812 1798.2867 1799.9165 1802.3228 1804.4307 1806.3309 1808.4421 1810.4165 1812.6841 1815.0534 1817.1488 1819.2653 1820.9979 1823.3576 1825.4805 1827.2059 1829.6458 1831.7617 1833.8181 1835.8013 1837.8421 1839.9138 1842.2169 1844.2230 1846.4745 1848.4502 1850.4046 1852.4512 1854.9331 1856.7916 1858.8748 1861.0383 1863.0088 1865.4218 1867.5088 1869.2428 1871.6609 1873.7929 1875.6257 1877.6493 1880.1726 1882.0024 1884.0214 1886.2906 1888.3917 1890.3408 1892.4723 1894.7898 1896.9212 1898.8622
1772.8523 1774.8215 1776.9590 1779.1206 1781.3452 1783.2801 1785.4538 1787.3050 1789.3068 1791.3940 1793.6104 1795.7404 1798.1828 1800.0641 1801.9719 1804.4349 1806.5752 1808.6949 1810.6908 1812.5874 1814.8075 1817.0391 1818.8390 1820.9878 1823.2660 1825.2162 1827.5171 1829.4620 1831.5722 1833.9351 1836.0117 1837.8419 1839.9587 1842.0017 1844.0409 1846.3676 1848.3404 1850.6226 1852.8208 1854.9506 1856.9709 1858.9177 1860.8897 1863.2822 1865.4771 1867.5225 1869.2423 1871.5347 1873.5821 1875.7717 1878.0189 1880.1975 1882.1130 1884.2136 1886.5142 1888.3493 1890.5084 1892.3503 1894.7944 1896.9486
1770.2717 1772.6282 1774.6296 1776.9232 1779.0327 1781.0708 1783.0440 1785.1506 1787.1126 1789.5275 1791.5345 1793.4065 1795.7668 1797.7942 1799.8385 1802.0123 1804.1046 1806.2890 1808.3420 1810.6062 1812.3947 1814.8746 1816.8444 1819.0523 1821.1027 1823.1089 1825.3480 1827.1961 1829.3957 1831.3943 1833.4115 1835.7596 1837.9190 1840.0213 1842.3088 1844.0010 1846.1713 1848.3848 1850.5261 1852.5100 1854.7032 1856.8062 1859.0172 1860.8656 1863.2753 1865.0124 1867.2089 1869.3797 1871.7787 1873.8504 1875.6338 1877.9294 1879.7958 1881.9965 1884.2908 1886.1785 1888.6425 1890.4899 1892.5090 1894.6713
1768.2165 1770.2850 1772.4647 1774.7425 1776.5442 1778.7929 1780.9122 1783.0646 1785.3083 1787.1493 1789.1314 1791.2647 1793.3834 1795.8251 1797.6741 1800.0082 1801.7255 1804.2154 1805.9501 1808.3351 1810.1429 1812.3345 1814.7055 1816.5963 1818.8787 1820.8672 1822.9309 1825.2585 1827.4469 1829.1695 1831.3912 1833.5263 1835.5934 1837.6642 1839.8642 1841.7958 1843.8967 1846.4232 1848.4681 1850.3787 1852.3885 1854.5292 1857.0117 1858.8424 1861.0974 1862.8977 1865.3982 1867.2815 1869.4210 1871.5256 1873.7592 1875.6140 1877.6819 1880.1892 1882.0139 1884.0304 1886.2360 1888.3293 1890.7476 1892.8047
1765.7646 1768.0411 1769.9595 1772.2338 1774.1632 1776.5676 1778.6111 1780.8579 1783.0819 1784.7516 1786.9256 1789.4234 1791.1612 1793.5679 1795.3561 1797.6525 1799.8435 1801.8353 1803.9312 1806.0967 1807.9962 1810.2446 1812.6390 1814.3726 1816.5355 1818.8937 1820.7608 1823.0390 1825.3463 1827.3809 1829.1150 1831.4931 1833.4707 1835.5051 1837.8373 1839.7071 1841.8554 1843.9413 1846.2781 1848.4727 1850.3040 1852.5619 1854.8233 1856.6101 1858.8350 1861.1793 1863.0711 1865.3552 1867.4790 1869.4411 1871.8388 1873.6254 1875.8321 1877.9218 1879.9904 1882.4024 1884.3260 1886.4340 1888.3013 1890.4538
1763.9129 1765.6213 1767.7602 1770.0462 1771.9713 1774.3196 1776.3528 1778.4254 1780.4265 1782.6128 1784.9083 1786.8898 1789.1028 1791.1799 1793.1419 1795.6775 1797.5708 1799.4278 1801.6720 1803.9508 1806.1568 1808.1150 1810.1256 1812.3351 1814.6247 1816.5445 1818.8393 1820.6893 1822.8593 1825.1048 1827.1017 1829.4464 1831.5935 1833.5023 1835.4486 1837.9788 1839.6715 1842.0681 1844.1967 1846.4278 1848.2822 1850.6001 1852.3324 1854.7042 1856.8225 1858.9091 1860.8925 1862.9996 1865.2737 1867.5755 1869.4442 1871.8116 1873.7678 1875.8065 1878.1210 1880.3365 1882.3530 1884.0747 1886.4648 1888.5975
1761.6074 1763.4251 1765.6472 1767.7455 1770.0541 1771.9751 1773.9100 1776.1567 1778.4961 1780.7048 1782.6359 1784.7600 1787.1080 1788.9974 1791.0930 1793.4481 1795.5624 1797.2494 1799.6830 1801.8773 1803.9163 1805.7164 1807.8546 1810.1599 1812.2716 1814.6563 1816.7511 1818.4848 1820.8480 1823.0597 1824.7847 1827.1987 1829.0837 1831.6202 1833.2929 1835.5797 1837.9837 1839.6852 1842.1778 1844.0650 1846.3911 1848.3583 1850.4769 1852.3863 1854.9358 1856.8476 1858.8318 1861.3100 1863.4176 1865.3449 1867.4953 1869.6060 1871.7363 1873.8718 1875.7878 1878.2004 1880.3634 1882.2377 1884.1958 1886.4004
1758.9535 1761.1517 1763.4575 1765.4873 1767.4494 1769.6291 1772.0551 1773.9665 1775.9829 1778.2156 1780.3160 1782.7568 1784.4320 1786.7665 1788.8017 1790.8754 1793.2589 1795.4796 1797.4888 1799.6903 1801.5140 1803.9231 1806.1181 1807.7860 1810.2735 1812.1925 1814.5526 1816.3316 1818.6825 1820.6748 1823.1030 1825.0302 1827.3427 1829.0147 1831.5956 1833.4316 1835.4561 1837.7224 1839.7635 1842.0261 1844.1072 1846.2883 1848.3662 1850.2627 1852.4561 1854.5218 1856.6943 1858.7530 1861.2583 1863.0078 1865.3669 1867.2983 1869.4268 1871.4978 1874.0363 1876.1309 1877.9589 1879.9583 1882.2557 1884.4969
1756.8254 1759.2296 1761.2367 1763.0750 1765.4150 1767.6975 1769.4421 1772.0527 1774.0782 1776.2301 1778.3164 1780.3837 1782.4778 1784.3350 1786.7747 1788.9152 1790.7106 1792.9831 1795.3796 1797.1067 1799.6926 1801.6811 1803.5901 1806.0318 1807.9950 1809.9597 1812.1248 1814.5665 1816.2865 1818.4038 1820.4764 1822.9338 1825.0681 1826.9124 1829.4403 1831.1360 1833.6383 1835.5383 1837.8206 1839.6551 1842.0129 1844.3118 1846.0456 1848.1323 1850.7257 1852.7859 1854.8423 1856.6428 1859.2222 1861.0324 1863.2904 1865.1889 1867.4715 1869.4147 1871.9160 1873.9675 1875.9858 1878.3044 1880.3064 1882.2465
1754.6219 1756.8282 1758.8847 1761.1475 1763.3614 1765.4120 1767.3922 1769.6130 1771.7206 1773.8035 1776.0687 1777.9319 1780.0114 1782.1476 1784.3750 1786.7589 1788.9776 1791.0197 1792.8283 1794.9298 1797.0944 1799.5022 1801.4655 1803.8927 1805.6333 1807.8764 1810.0171 1812.0469 1814.3013 1816.2526 1818.7576 1820.5492 1822.8962 1824.7151 1827.2035 1829.0481 1831.3159 1833.3219 1835.6311 1837.8607 1840.0118 1841.8574 1844.2113 1846.1027 1848.5979 1850.4540 1852.8348 1854.7946 1856.9278 1858.8772 1861.0064 1863.3499 1865.3553 1867.6134 1869.8413 1872.0096 1874.0678 1876.2725 1878.1774 1880.3763
1752.2454 1754.7012 1756.7060 1758.8695 1760.8256 1763.2681 1765.4429 1767.5018 1769.7085 1771.5303 1773.5647 1775.7835 1778.1080 1780.3994 1782.1338 1784.4718 1786.3894 1788.9028 1790.8321 1793.1834 1795.1956 1797.2525 1799.5595 1801.2791 1803.8164 1805.6129 1807.6688 1810.2198 1812.2273 1814.3546 1816.4490 1818.5451 1820.6357 1822.9981 1825.1486 1827.1630 1829.3899 1831.1337 1833.3790 1835.7849 1837.5529 1839.7734 1842.1103 1843.9769 1846.2673 1848.2057 1850.5826 1852.9083 1854.9258 1857.1137 1859.0357 1861.0495 1863.2125 1865.6563 1867.6386 1869.7988 1872.0791 1873.8557 1876.3584 1878.1218
1750.3256 1752.4923 1754.1901 1756.3269 1758.6702 1760.9835 1762.9994 1765.1638 1767.4012 1769.4200 1771.5111 1773.4568 1775.9565 1778.0749 1779.8350 1782.1969 1784.2379 1786.5636 1788.8084 1790.5362 1792.9836 1795.0423 1797.3703 1799.3160 1801.4432 1803.6553 1805.7148 1807.8864 1810.1854 1811.9198 1814.3946 1816.3331 1818.7074 1820.6749 1822.5831 1825.1846 1827.1756 1829.4335 1831.4942 1833.5019 1835.6982 1837.9436 1839.9709 1841.9057 1844.3320 1846.3059 1848.5595 1850.4710 1852.8556 1854.9295 1856.7491 1859.1996 1861.1944 1863.4270 1865.4433 1867.6761 1869.6171 1872.1000 1874.1159 1876.4368
1748.0287 1750.0361 1751.9750 1754.5586 1756.6655 1758.8360 1760.5253 1763.1295 1765.0878 1767.0416 1769.2901 1771.6843 1773.3867 1775.5017 1777.7238 1780.0267 1782.1386 1784.5026 1786.4510 1788.5356 1790.8766 1792.8982 1794.9151 1797.2486 1799.2364 1801.3805 1803.5304 1805.8535 1807.7575 1810.0158 1812.0794 1814.0674 1816.2233 1818.5193 1820.5474 1823.0030 1824.9629 1827.0259 1829.3539 1831.5790 1833.3680 1835.5233 1837.7095 1839.7398 1842.2625 1843.9864 1846.4613 1848.5766 1850.4442 1852.6164 1854.7271 1857.0648 1859.1055 1861.3350 1863.6537 1865.7731 1867.9271 1870.1260 1871.8052 1874.0404
1745.8833 1747.9325 1750.1897 1751.8676 1754.3953 1756.4612 1758.2719 1760.4831 1763.0079 1765.0541 1767.2791 1769.2782 1771.2320 1773.3128 1775.4966 1777.8212 1780.1534 1782.1793 1784.2681 1786.5152 1788.7611 1790.6513 1793.0106 1794.9691 1796.8731 1799.2507 1801.3429 1803.5383 1805.5737 1807.6835 1809.7341 1812.1417 1814.0288 1816.5975 1818.6242 1820.6483 1822.6500 1824.7350 1827.1603 1829.2075 1831.1541 1833.7222 1835.7102 1837.8639 1839.9757 1841.8830 1844.3705 1846.3960 1848.6438 1850.6834 1852.7795 1855.1634 1857.2361 1859.0940 1861.3522 1863.7248 1865.5003 1867.6159 1869.8413 1872.0991
1743.2358 1745.4535 1747.7087 1749.7028 1751.9462 1754.2750 1756.3261 1758.5201 1760.3347 1762.6877 1765.0226 1767.2635 1769.2944 1771.5038 1773.2502 1775.5869 1777.7013 1779.9212 1782.0734 1784.2093 1786.1174 1788.4060 1790.4387 1792.5411 1794.7537 1796.9151 1799.3245 1801.6002 1803.2897 1805.4837 1807.7173 1810.1349 1811.9045 1814.1481 1816.5402 1818.4349 1820.4979 1822.6088 1825.0078 1827.1017 1829.4037 1831.3308 1833.5344 1835.8841 1837.9846 1840.0008 1842.1259 1844.3192 1846.3751 1848.7525 1850.5999 1852.9634 1854.9977 1857.2237 1859.1151 1861.4411 1863.5933 1865.8819 1867.7295 1870.0139
1741.3451 1743.2018 1745.3435 1747.7308 1749.6805 1751.9904 1754.1319 1756.3307 1758.2671 1760.4508 1762.8787 1764.6172 1767.1267 1769.0680 1771.4734 1773.5837 1775.6828 1777.7012 1779.9777 1781.7543 1784.1610 1786.1250 1788.4903 1790.4680 1792.5477 1794.9782 1796.9424 1799.1710 1801.2427 1803.4127 1805.5171 1807.6337 1809.8160 1812.2998 1814.0126 1816.5975 1818.4339 1820.6063 1822.8533 1824.9078 1827.1288 1829.0981 1831.6393 1833.6145 1835.7780 1837.8020 1840.2048 1842.1139 1844.4845 1846.3186 1848.6867 1850.5490 1852.7462 1855.2717 1857.3130 1859.4342 1861.6759 1863.9419 1865.9430 1868.2267
1738.8681 1741.0547 1743.0263 1745.1463 1747.6386 1749.8535 1751.7031 1754.0067 1755.8945 1758.3843 1760.4506 1762.7620 1764.6048 1766.7847 1768.9176 1771.0119 1773.5969 1775.5468 1777.7364 1780.0235 1782.0628 1784.1197 1786.0798 1788.6115 1790.3691 1792.7341 1794.9337 1797.1280 1799.1515 1801.5330 1803.6423 1805.4474 1807.6736 1809.9421 1812.0070 1814.3392 1816.5366 1818.6775 1820.7893 1822.6856 1824.7898 1827.2928 1829.4591 1831.4677 1833.5808 1835.8042 1837.9207 1840.2231 1842.3367 1844.1877 1846.4268 1848.4973 1850.6311 1852.9160 1854.9423 1857.2001 1859.4550 1861.8193 1863.6158 1865.8139
