Dimension Analysis/Large/CA-TP3_Gini_0.81/dem_big_area.txt
ncols         600
nrows         600
xllcorner     100000
yllcorner     100000
cellsize      10
NODATA_value  -9999
[rows 416 to 441 of 600, columns 240 to 299 of 600]
2024.2919 2022.3316 2020.7013 2018.5849 2016.7867 2014.5596 2012.7935 2011.0000 2009.0990 2007.2050 2005.1234 2003.3118 2001.7314 1999.3926 1997.4906 1996.0433 1993.9504 1992.0486 1989.9387 1988.3774 1986.1107 1984.5255 1982.6248 1980.8781 1978.5762 1977.0367 1975.1015 1973.1903 1970.9544 1969.4461 1967.5584 1965.3474 1963.5625 1961.9556 1959.8062 1957.8555 1956.0268 1954.2233 1952.0938 1950.1702 1948.4337 1946.4277 1944.6090 1942.5407 1940.8751 1938.9577 1936.9791 1935.2280 1933.1043 1931.4275 1929.2937 1927.3784 1925.8620 1923.8728 1921.8281 1919.7932 1917.9060 1916.0114 1914.5146 1912.6709
2022.0105 2020.2506 2018.3492 2016.5784 2014.5351 2012.7958 2010.5845 2008.8193 2007.2203 2005.3472 2003.1493 2001.1611 1999.3711 1997.3259 1995.4866 1993.6696 1991.9263 1989.9446 1988.0051 1986.1130 1984.1860 1982.3323 1980.3781 1978.6963 1976.4672 1974.4890 1973.0596 1971.0988 1969.0618 1966.9185 1965.4045 1963.4307 1961.2401 1959.5237 1957.4571 1955.7407 1954.0531 1951.7910 1950.2732 1948.2411 1946.3378 1944.4054 1942.6399 1940.5638 1938.5481 1936.7181 1934.9440 1932.9799 1930.9674 1929.3089 1927.0892 1925.3482 1923.6350 1921.3513 1919.4509 1917.8324 1915.7396 1913.9741 1912.2960 1910.3168
2020.2978 2018.3001 2016.2488 2014.4004 2012.3172 2010.8197 2008.7697 2006.9182 2004.9308 2002.9115 2001.3487 1999.2558 1997.4201 1995.4973 1993.7537 1991.5547 1989.5749 1987.8017 1985.8563 1983.8280 1982.1086 1979.9747 1978.4857 1976.4096 1974.7463 1972.8069 1970.5557 1968.7404 1966.9654 1965.0218 1963.0253 1960.9885 1959.4921 1957.2854 1955.4821 1953.6064 1951.4563 1949.8468 1948.0279 1946.2077 1944.2487 1942.3484 1940.4441 1938.2904 1936.6056 1934.3253 1932.4604 1930.9064 1929.0620 1927.0591 1925.2376 1923.1172 1921.4544 1919.5718 1917.3516 1915.7021 1913.5537 1911.6034 1909.7573 1907.9397
2018.1214 2016.1110 2014.2262 2012.5683 2010.2721 2008.4098 2006.8760 2004.8070 2002.8597 2000.9459 1999.1241 1997.2376 1995.0279 1993.2253 1991.2998 1989.3257 1987.8233 1985.5861 1983.9961 1982.0179 1979.7647 1978.0049 1976.1470 1974.4614 1972.3147 1970.6264 1968.4704 1966.6035 1964.6457 1962.8487 1960.8809 1958.8333 1957.1369 1955.0383 1953.1554 1951.2001 1949.6487 1947.4281 1945.7243 1943.5732 1941.7220 1940.1717 1937.9190 1935.9333 1934.3059 1932.1140 1930.3632 1928.6801 1926.5272 1924.7717 1922.8187 1921.1466 1919.2194 1917.2101 1915.4512 1913.1701 1911.2199 1909.2690 1907.6976 1905.8635
2015.8112 2014.2854 2012.3908 2010.2216 2008.6028 2006.3910 2004.3612 2002.6513 2000.6758 1998.8840 1997.0523 1994.8488 1992.9206 1991.1276 1989.5196 1987.2470 1985.6499 1983.4211 1981.6305 1979.9172 1977.8270 1976.1100 1974.0104 1971.9395 1970.2642 1968.3216 1966.3610 1964.5247 1962.6741 1960.6312 1958.6807 1956.8365 1955.0604 1952.9229 1951.1964 1949.1783 1947.1159 1945.3788 1943.2780 1941.5508 1939.7113 1937.8290 1935.7681 1934.1793 1932.2723 1930.0328 1928.4521 1926.3347 1924.4888 1922.7357 1920.4010 1918.8197 1916.7938 1914.7163 1912.7816 1911.1522 1909.0509 1907.1907 1905.2285 1903.1917
2014.0660 2011.9329 2010.2346 2008.0211 2006.3116 2004.3594 2002.4039 2000.8352 1998.5111 1996.6842 1994.9136 1992.9479 1991.1419 1988.9049 1987.0486 1985.5253 1983.2151 1981.3740 1979.5273 1977.4594 1975.7996 1973.8133 1972.0541 1970.1695 1968.2403 1965.9624 1964.3202 1962.3274 1960.4274 1958.6536 1956.5836 1954.5961 1952.7231 1951.0441 1948.9982 1947.0248 1944.9124 1943.3830 1941.4682 1939.2680 1937.3694 1935.5067 1933.4480 1931.8982 1930.0138 1927.6989 1925.9861 1923.9329 1922.1110 1920.3947 1918.2211 1916.5566 1914.3262 1912.7786 1910.8485 1908.8354 1906.9597 1904.9480 1903.0695 1901.2787
2011.8762 2010.0580 2008.0280 2006.3624 2004.2268 2002.1206 2000.6321 1998.6800 1996.7316 1994.9160 1992.9976 1990.7717 1989.1739 1986.8008 1984.9691 1983.1816 1981.2707 1979.2477 1977.3595 1975.6821 1973.7854 1971.6926 1969.7185 1968.0434 1966.0111 1963.9594 1961.9464 1960.0890 1958.1332 1956.1913 1954.6272 1952.7056 1950.4204 1948.6136 1946.9383 1944.8537 1942.8263 1940.9768 1939.2939 1937.0477 1935.3041 1933.3364 1931.6487 1929.6608 1927.4682 1925.5658 1923.6515 1921.6688 1920.2117 1917.9064 1916.3902 1914.2667 1912.1485 1910.5470 1908.6109 1906.6109 1904.8461 1902.7093 1901.0251 1898.8876
2009.8874 2007.9611 2005.9278 2004.3366 2002.1030 2000.5130 1998.4664 1996.3966 1994.6118 1992.4910 1990.8967 1988.6549 1986.8583 1985.0303 1983.0273 1980.8885 1979.0535 1977.0002 1975.4617 1973.4707 1971.7226 1969.6002 1967.6391 1965.7154 1963.9509 1961.8557 1959.9258 1957.9368 1955.9348 1954.2580 1952.3916 1950.6019 1948.3580 1946.5728 1944.6458 1942.7997 1940.8806 1938.8401 1936.7592 1935.0213 1933.2458 1930.9927 1929.3979 1927.4007 1925.2329 1923.5937 1921.4621 1919.7801 1917.5951 1915.9886 1913.9976 1911.9847 1909.9793 1908.4013 1906.3309 1904.3596 1902.5508 1900.6583 1898.6067 1896.7430
2007.9459 2005.9092 2004.0144 2002.0103 2000.2821 1998.0283 1996.4978 1994.5616 1992.5850 1990.4784 1988.4523 1986.5444 1984.9917 1982.6851 1980.9582 1978.7440 1976.8159 1975.1022 1973.2951 1971.1812 1969.3670 1967.2290 1965.5948 1963.4592 1961.6113 1959.5748 1957.6939 1956.1552 1953.9737 1951.8448 1950.1991 1948.4740 1946.0879 1944.6259 1942.3011 1940.7715 1938.8616 1936.5917 1934.9211 1932.8643 1930.8867 1928.9622 1926.8841 1925.4061 1923.0670 1921.1128 1919.3949 1917.6973 1915.7403 1913.7346 1911.5142 1909.6807 1907.6664 1905.9916 1903.9243 1901.9026 1900.1000 1898.0449 1896.3787 1894.1709
2005.6835 2003.8711 2001.6852 1999.9605 1998.1957 1996.0097 1994.4209 1992.2479 1990.4482 1988.3326 1986.6320 1984.5169 1982.8249 1980.8427 1978.8126 1976.9752 1974.8923 1973.2550 1971.1836 1969.1090 1967.1561 1965.3472 1963.2076 1961.6001 1959.6831 1957.4072 1955.6966 1954.0096 1951.8372 1949.7765 1947.8670 1945.9839 1944.1078 1941.9966 1940.5105 1938.4974 1936.5132 1934.7295 1932.6099 1930.4398 1928.6594 1926.6512 1924.6713 1922.8012 1921.0143 1919.0538 1917.0861 1915.1711 1913.3145 1911.5679 1909.6357 1907.7249 1905.5274 1903.6196 1901.6411 1899.7080 1898.0573 1896.1101 1894.1073 1892.1252
2003.7764 2001.9598 1999.6170 1997.7348 1995.9226 1993.9167 1991.9526 1989.9518 1988.3003 1986.4921 1984.3930 1982.6603 1980.7028 1978.8566 1976.5963 1974.5216 1972.9041 1970.6931 1969.0044 1966.8606 1965.3519 1962.9998 1961.2786 1959.5607 1957.4873 1955.2394 1953.5159 1951.8164 1949.9264 1947.7960 1945.6006 1943.8122 1942.0024 1940.2195 1938.2984 1936.1716 1934.1160 1932.5076 1930.3908 1928.5334 1926.5776 1924.8265 1922.7043 1920.7000 1918.6240 1916.9760 1914.7680 1913.0169 1910.9813 1909.1033 1907.3616 1905.1910 1903.6512 1901.2289 1899.6727 1897.8431 1895.7379 1893.5552 1891.8529 1889.7951
2001.5768 1999.4705 1997.8334 1996.0819 1993.9779 1991.7846 1990.1390 1987.9619 1986.1661 1984.4930 1982.1702 1980.3740 1978.2132 1976.3611 1974.6909 1972.6774 1970.8813 1968.8562 1967.0509 1964.9548 1963.0716 1961.1805 1958.9422 1957.0703 1955.5053 1953.4910 1951.5607 1949.6419 1947.6255 1945.7276 1943.5827 1941.7355 1940.0153 1937.9963 1935.8948 1934.0881 1932.3307 1929.9521 1928.0024 1926.3340 1924.3805 1922.2462 1920.6903 1918.3593 1916.7544 1914.7328 1912.6855 1910.9344 1909.1060 1907.0037 1904.8262 1903.3024 1901.0293 1899.2327 1897.3072 1895.1501 1893.3326 1891.4748 1889.5579 1887.5036
1999.5145 1997.6745 1995.5233 1993.5351 1992.0608 1990.0778 1988.1425 1986.1019 1984.1367 1982.0399 1980.3787 1978.1070 1976.5918 1974.5101 1972.7318 1970.4524 1968.4259 1966.4991 1964.5634 1962.6909 1961.0328 1959.0764 1957.1006 1955.0219 1953.1453 1951.2171 1949.2515 1947.5423 1945.1614 1943.5333 1941.6790 1939.8185 1937.6630 1935.5099 1933.6638 1932.0585 1929.7620 1928.0721 1925.9482 1924.2041 1922.1434 1920.3821 1918.2817 1916.3244 1914.2321 1912.4351 1910.7436 1908.5037 1906.7146 1904.5081 1902.8933 1900.9779 1899.0467 1896.8394 1895.0836 1893.0424 1891.2716 1889.4435 1887.2836 1885.2033
1997.3487 1995.3927 1993.8652 1991.8024 1989.7689 1987.6156 1985.6888 1983.7305 1982.1432 1980.3191 1978.3132 1976.2522 1974.1436 1972.2516 1970.2601 1968.4565 1966.4916 1964.7046 1962.5891 1960.7465 1958.5295 1956.9775 1954.8769 1952.9773 1951.1603 1949.2232 1947.3301 1945.4031 1943.4559 1941.4915 1939.3129 1937.2692 1935.6710 1933.7452 1931.6824 1929.6715 1927.6951 1925.6436 1924.0595 1921.7375 1920.0660 1918.0537 1916.3238 1914.3395 1912.0194 1910.3459 1908.4576 1906.1589 1904.2167 1902.7317 1900.7597 1898.6665 1896.8603 1894.9454 1892.9430 1890.9479 1888.8128 1887.0072 1885.1109 1883.0743
1995.2314 1993.5334 1991.7072 1989.8354 1987.8537 1985.6206 1983.8078 1981.9417 1979.9427 1978.1908 1976.2837 1973.9423 1972.1535 1970.3874 1968.5310 1966.1985 1964.6211 1962.4923 1960.5473 1958.3795 1956.8150 1954.7648 1952.7756 1950.5630 1948.8998 1946.7166 1944.9175 1943.1750 1941.3200 1939.1365 1937.1054 1935.1883 1933.5204 1931.5705 1929.4730 1927.4234 1925.6472 1923.5813 1921.6022 1919.5562 1917.7747 1915.7542 1913.8970 1912.0085 1909.8809 1908.0799 1905.9805 1903.9891 1902.0609 1900.1166 1898.5836 1896.6406 1894.3674 1892.7385 1890.8003 1888.5696 1886.5940 1884.5317 1882.6079 1880.8034
1993.4065 1991.6380 1989.4811 1987.7093 1985.4613 1983.8129 1981.6123 1979.8820 1977.9365 1975.6840 1974.0558 1972.1523 1970.0868 1968.1864 1965.9730 1964.3245 1962.0802 1960.2946 1958.3332 1956.3232 1954.4661 1952.7321 1950.7994 1948.5413 1946.5183 1944.8979 1942.8228 1940.9889 1938.8589 1936.9267 1935.1747 1933.2424 1931.3590 1929.2275 1927.0942 1925.2216 1923.3955 1921.1987 1919.2873 1917.6635 1915.6814 1913.5945 1911.8619 1909.6194 1908.0119 1906.0544 1903.7843 1902.0162 1899.8144 1897.9839 1896.0888 1894.0995 1892.4261 1890.3864 1888.4151 1886.3361 1884.3262 1882.3139 1880.6706 1878.6615
1991.3707 1989.5518 1987.3077 1985.5413 1983.4439 1981.5313 1979.6767 1977.8203 1975.7615 1973.7002 1971.6526 1970.0312 1968.2114 1966.0372 1963.9258 1962.2164 1959.9675 1958.0167 1956.4799 1954.4162 1952.1716 1950.6184 1948.4402 1946.7244 1944.7927 1942.7381 1940.9364 1938.9767 1936.8512 1934.8254 1932.6735 1931.0612 1929.0673 1926.9022 1925.0584 1923.0888 1921.1762 1919.3484 1917.5207 1915.2043 1913.4074 1911.6828 1909.3200 1907.5593 1905.6531 1903.4187 1901.5154 1899.5578 1897.9369 1896.0555 1893.9243 1892.1658 1889.9509 1888.0198 1886.2326 1884.2519 1882.2299 1880.4017 1878.4317 1876.2038
1989.4161 1987.4990 1985.4271 1983.3197 1981.6992 1979.7719 1977.3848 1975.6424 1973.7697 1971.7411 1969.7877 1967.7719 1965.6555 1963.6837 1962.0250 1960.1193 1958.2429 1956.3144 1954.2307 1952.4404 1950.0136 1948.4942 1946.1583 1944.6485 1942.6777 1940.4926 1938.3832 1936.4837 1934.4074 1932.4731 1930.4898 1928.8826 1926.6970 1924.8514 1923.0709 1920.9721 1919.1915 1917.0430 1914.9015 1913.1320 1911.3323 1909.2038 1907.1737 1905.1286 1903.4540 1901.3820 1899.5806 1897.3141 1895.6434 1893.8381 1891.8857 1889.7088 1887.9248 1885.6698 1883.7966 1882.0642 1879.9134 1877.8443 1876.2491 1873.9514
1987.4652 1985.1144 1983.1372 1981.4135 1979.3568 1977.4318 1975.3946 1973.3594 1971.7836 1969.7857 1967.5016 1965.5922 1963.9207 1961.9196 1959.7126 1957.8829 1955.8828 1953.9458 1952.1219 1949.8727 1947.9024 1946.0371 1944.3395 1942.1572 1940.2911 1938.2810 1936.4045 1934.3272 1932.7126 1930.3642 1928.7204 1926.6050 1924.4292 1922.8946 1920.6827 1918.9106 1916.9710 1915.0566 1912.7288 1911.1588 1909.0237 1907.2113 1905.2290 1902.9819 1901.3196 1899.4689 1897.2255 1895.2116 1893.5296 1891.5943 1889.5944 1887.4328 1885.4622 1883.4599 1881.6254 1879.6641 1877.7747 1875.8876 1873.7697 1871.7713
1984.9467 1983.2108 1981.3735 1979.1494 1977.4438 1975.3695 1973.2455 1971.3401 1969.6419 1967.7313 1965.3824 1963.8029 1961.5871 1959.8177 1957.8800 1955.7729 1953.8599 1951.6488 1949.7781 1948.0117 1945.9039 1943.8998 1941.9286 1940.2402 1938.1761 1936.0867 1934.3819 1932.3966 1930.5352 1928.5024 1926.3461 1924.5529 1922.4311 1920.4813 1918.4313 1916.7002 1914.4998 1912.5471 1910.6458 1908.9507 1906.6094 1904.6537 1902.9649 1901.1102 1899.0319 1896.8756 1895.0879 1893.3714 1891.1945 1889.3680 1887.1317 1885.3692 1883.5380 1881.5638 1879.4213 1877.6647 1875.7222 1873.6719 1871.5003 1869.7179
1983.2945 1981.1157 1979.1993 1977.1009 1975.2049 1973.3280 1971.1299 1969.4214 1967.3918 1965.5262 1963.4498 1961.7366 1959.6533 1957.6100 1955.4469 1953.7273 1951.6074 1949.8659 1947.6046 1945.7525 1943.8297 1942.1556 1939.8134 1937.7587 1936.2180 1934.2420 1932.2540 1929.9167 1928.2538 1926.4584 1924.4483 1922.4929 1920.5279 1918.5098 1916.4979 1914.3832 1912.5535 1910.7681 1908.6779 1906.6263 1904.8959 1902.8443 1900.8901 1898.7976 1896.9735 1894.6042 1892.7004 1890.7405 1888.8691 1887.1677 1885.2059 1883.2611 1880.9717 1879.1281 1877.1547 1874.9992 1873.2119 1871.4512 1869.1148 1867.3041
1980.8613 1979.2591 1977.3407 1975.3220 1972.9886 1971.4650 1969.4386 1967.1173 1965.2775 1963.5113 1961.6026 1959.7094 1957.4401 1955.4941 1953.6859 1951.4083 1949.8118 1947.8510 1945.4742 1943.9242 1941.8110 1939.7411 1937.6798 1936.0658 1933.7386 1932.0134 1929.9228 1927.7714 1926.1402 1924.2325 1922.3277 1920.1632 1918.3581 1916.4454 1914.1505 1912.2159 1910.2059 1908.5017 1906.5852 1904.3943 1902.5067 1900.7048 1898.2769 1896.5040 1894.8068 1892.5484 1890.5644 1888.4840 1886.9445 1884.7784 1882.8237 1880.6924 1878.7614 1876.9825 1874.7243 1872.8956 1870.8874 1869.1781 1867.0840 1865.0380
1978.9227 1977.0253 1974.9661 1972.9216 1971.3820 1969.0325 1967.3956 1965.3744 1963.2260 1961.3176 1959.4703 1957.4490 1955.6008 1953.2651 1951.5606 1949.5972 1947.6084 1945.3364 1943.4932 1941.7291 1939.4083 1937.4465 1935.5345 1933.5910 1931.6578 1929.6465 1927.9725 1925.6324 1923.9133 1921.7040 1920.1006 1917.7972 1915.8567 1914.1798 1912.1035 1909.9803 1908.2497 1906.2721 1904.1003 1902.3779 1900.4816 1898.2883 1896.5304 1894.5244 1892.1962 1890.6262 1888.4980 1886.6814 1884.3011 1882.3427 1880.7382 1878.3636 1876.4374 1874.5767 1872.6449 1870.7728 1868.9118 1866.6372 1864.8218 1862.6226
1976.8961 1974.8284 1973.1641 1970.8878 1968.9564 1967.1753 1965.0658 1963.1093 1961.1867 1959.1529 1957.0999 1955.3092 1953.3083 1951.1817 1949.1758 1947.3264 1945.6615 1943.2925 1941.5448 1939.5814 1937.4016 1935.5156 1933.3546 1931.8163 1929.8255 1927.5385 1925.6129 1923.7127 1921.9786 1919.9696 1917.6258 1915.6660 1913.6785 1911.8960 1909.8933 1907.9362 1905.7823 1904.2396 1902.1393 1900.2917 1898.2151 1896.3481 1894.1218 1892.0901 1890.1972 1888.2185 1886.3320 1884.4688 1882.1103 1880.5273 1878.3788 1876.1668 1874.2105 1872.4975 1870.5803 1868.6540 1866.4000 1864.5624 1862.3345 1860.4841
1974.8195 1972.7016 1970.8785 1969.0427 1966.9654 1964.8992 1963.2481 1961.0839 1958.9547 1957.3619 1955.4055 1953.3289 1951.3684 1949.3942 1947.2287 1945.2167 1943.0850 1941.1545 1939.1201 1937.1804 1935.4630 1933.2305 1931.2402 1929.5963 1927.5915 1925.5726 1923.3425 1921.7797 1919.5294 1917.5752 1915.4147 1913.4980 1911.7447 1909.4895 1907.9107 1905.7520 1903.8502 1901.6797 1900.0778 1897.8741 1895.9431 1893.9853 1892.1109 1890.1734 1887.8645 1885.9555 1883.8395 1882.1195 1880.2597 1878.1871 1876.2591 1874.2688 1871.9377 1870.2474 1868.4015 1866.0326 1864.3750 1862.3586 1860.3644 1858.1031
1973.0886 1970.7231 1968.8922 1966.6882 1964.8456 1962.9178 1960.9366 1959.2539 1957.1017 1954.8595 1953.0983 1951.3064 1949.3393 1947.3738 1945.2026 1942.9355 1941.0220 1938.9913 1937.1396 1935.1808 1933.3058 1931.2774 1929.1735 1927.3479 1925.4896 1923.2423 1921.3200 1919.6106 1917.5538 1915.3259 1913.6501 1911.4415 1909.7502 1907.3049 1905.6972 1903.7555 1901.5999 1899.7663 1897.5770 1895.4502 1893.6081 1891.8285 1889.7078 1887.9178 1885.7113 1883.7780 1881.6897 1879.8135 1878.0948 1875.9755 1874.1330 1872.1052 1870.1558 1867.9698 1865.9194 1864.0558 1861.8923 1860.1623 1857.8988 1855.8444
