Dimension Analysis/Flat/CA-TP3_Gini_0.90/dem_plain.txt
ncols         400
nrows         400
xllcorner     100000
yllcorner     100000
cellsize      10
NODATA_value  -9999
[rows 104 to 129 of 400, columns 0 to 59 of 400]
2069.8431 2069.0467 2068.6120 2067.5860 2067.0606 2066.4878 2065.6566 2065.1492 2064.8107 2064.1331 2063.5477 2062.8203 2062.3173 2061.3416 2060.9314 2060.3795 2059.5983 2059.1260 2058.1387 2057.8772 2057.1181 2056.3060 2055.6442 2055.3011 2054.6240 2053.8852 2053.4182 2052.6196 2052.1251 2051.3738 2050.4432 2049.8884 2049.6458 2049.0086 2048.0474 2047.2977 2046.7563 2046.2996 2045.5387 2045.1803 2044.3046 2043.8347 2043.0866 2042.6630 2041.6667 2041.0586 2040.7450 2039.7655 2039.1098 2038.4341 2038.0407 2037.4260 2036.8901 2036.0752 2035.2582 2034.7025 2034.4079 2033.4706 2033.0303 2032.2695
2068.2802 2067.7265 2067.2724 2066.3528 2065.6653 2065.4831 2064.7155 2063.9047 2063.5584 2062.9480 2062.2394 2061.3220 2061.0099 2060.2262 2059.5260 2058.8671 2058.3321 2057.6881 2057.0039 2056.4902 2055.8805 2055.0059 2054.6913 2053.8764 2053.0589 2052.4920 2052.0462 2051.0625 2050.8199 2050.1585 2049.2755 2048.7932 2048.3314 2047.4223 2046.6220 2046.4049 2045.6637 2045.1286 2044.1702 2043.8262 2043.2620 2042.5887 2041.5723 2041.1668 2040.5542 2039.9679 2039.2927 2038.4726 2038.1000 2037.3339 2036.9248 2035.8147 2035.1799 2034.5339 2034.1865 2033.3674 2033.0669 2032.2959 2031.4480 2031.0978
2067.0749 2066.7472 2065.7062 2065.3847 2064.5101 2064.0571 2063.2811 2062.5524 2062.3077 2061.2232 2060.5754 2060.2003 2059.3776 2059.1312 2058.4683 2057.7611 2056.9317 2056.2086 2055.6054 2054.8432 2054.6126 2053.8349 2053.2566 2052.7150 2051.6980 2051.3942 2050.7324 2050.1472 2049.3829 2048.6408 2047.9355 2047.2575 2046.6030 2046.3678 2045.3995 2044.7687 2044.4871 2043.8621 2042.8853 2042.4171 2041.5146 2041.2680 2040.6406 2039.6574 2039.0718 2038.4109 2038.1377 2037.3330 2036.7663 2036.1284 2035.4185 2034.8666 2033.9080 2033.3507 2032.6042 2031.9971 2031.4857 2031.0006 2030.4850 2029.4472
2065.7865 2065.1002 2064.5756 2064.2394 2063.3444 2062.7051 2061.8933 2061.6562 2060.9545 2060.2827 2059.3449 2058.9543 2058.0891 2057.5340 2056.9759 2056.2589 2055.9475 2055.1801 2054.3701 2053.9854 2052.9953 2052.6224 2052.1025 2051.2607 2050.5087 2049.9415 2049.3394 2048.6093 2047.9106 2047.3347 2046.6616 2046.2068 2045.4009 2044.8382 2044.0723 2043.7022 2043.1212 2042.1161 2041.4718 2041.2034 2040.5037 2039.7106 2038.9782 2038.6259 2038.0034 2036.9930 2036.3871 2036.1828 2035.1461 2034.5784 2033.9896 2033.3986 2032.7139 2032.2274 2031.4929 2030.7561 2030.2111 2029.6115 2028.9927 2028.1170
2064.6607 2063.9161 2063.6246 2062.9928 2062.1662 2061.5932 2060.8833 2060.4290 2059.6569 2058.8656 2058.1766 2057.5012 2057.2323 2056.5702 2055.8227 2054.9452 2054.4206 2053.7666 2053.1805 2052.6979 2051.8558 2051.0830 2050.4845 2049.7782 2049.2772 2048.9359 2047.9739 2047.2562 2046.7674 2045.9607 2045.2600 2044.6807 2044.4471 2043.4767 2042.7994 2042.4318 2041.8755 2041.0318 2040.5651 2039.6224 2039.2424 2038.3451 2037.6452 2037.0237 2036.5889 2036.0363 2035.0483 2034.4945 2033.9194 2033.4419 2032.7037 2032.0835 2031.3639 2031.0125 2030.0151 2029.7458 2028.9886 2028.1459 2027.7264 2026.9979
2063.3211 2062.6058 2061.9394 2061.6075 2060.8256 2060.0547 2059.5490 2059.0445 2058.1210 2057.8505 2056.8485 2056.5047 2055.9289 2055.0920 2054.3928 2053.6688 2053.2854 2052.5630 2052.0594 2051.3487 2050.8322 2050.2048 2049.2088 2048.6995 2048.1930 2047.3114 2046.7643 2045.8887 2045.4409 2044.9803 2043.9919 2043.8065 2042.7306 2042.3398 2041.7739 2041.1363 2040.2932 2039.7781 2039.1260 2038.3402 2037.7836 2037.2586 2036.4081 2036.1109 2035.4661 2034.4045 2033.8854 2033.1983 2032.4730 2031.9346 2031.6225 2031.0192 2030.1557 2029.6317 2028.8874 2028.3364 2027.7030 2026.7294 2026.3324 2025.8601
2062.2667 2061.5890 2060.8018 2060.3710 2059.4786 2058.7810 2058.1978 2057.4599 2057.0941 2056.2381 2055.6804 2054.9477 2054.2652 2053.6854 2053.0728 2052.3823 2052.0871 2051.0993 2050.5231 2049.8336 2049.5372 2048.4490 2048.1483 2047.6565 2046.9045 2046.2688 2045.4148 2044.9628 2043.9776 2043.6587 2042.9407 2042.5302 2041.4276 2041.1281 2040.3393 2039.5889 2039.1431 2038.4786 2037.7142 2037.3016 2036.6227 2035.8033 2035.0783 2034.4196 2034.1876 2033.2981 2032.5194 2031.8786 2031.5295 2030.6500 2030.2053 2029.6123 2028.7770 2028.4066 2027.6617 2026.9464 2026.4472 2025.6801 2025.1759 2024.1031
2061.1345 2060.3847 2059.6422 2059.0850 2058.1773 2057.4982 2057.0437 2056.6414 2055.8707 2055.1179 2054.2953 2053.7913 2053.4043 2052.6482 2052.0065 2051.3464 2050.8091 2049.7993 2049.5147 2048.4536 2048.0495 2047.5743 2046.6910 2046.3194 2045.5443 2044.8878 2044.0750 2043.4950 2042.9291 2042.3053 2041.5150 2041.2231 2040.2782 2039.4710 2039.1705 2038.6189 2037.6161 2037.2894 2036.7358 2035.7091 2035.3463 2034.7162 2033.7262 2033.5004 2032.5117 2032.1743 2031.2941 2030.5080 2029.8984 2029.4941 2029.0169 2028.3490 2027.3190 2026.7723 2026.3959 2025.7125 2024.8629 2024.1325 2023.6372 2022.8419
2059.6648 2058.8193 2058.4590 2057.9553 2057.2634 2056.6339 2055.5512 2055.0916 2054.4656 2053.6411 2053.3135 2052.8042 2051.7680 2051.2043 2050.6034 2050.2226 2049.2338 2048.8926 2047.9255 2047.6305 2046.7035 2046.0869 2045.5011 2044.7807 2044.0044 2043.4717 2042.8808 2042.3007 2041.3948 2041.2041 2040.2246 2039.5099 2039.0026 2038.2287 2037.5324 2037.2965 2036.4073 2035.9474 2035.3999 2034.7738 2033.8320 2033.1059 2032.7396 2032.1120 2031.2525 2030.8428 2029.8745 2029.4268 2028.6869 2028.3293 2027.2229 2026.8724 2026.2776 2025.6163 2024.8962 2024.1670 2023.4187 2023.0058 2022.5338 2021.8316
2058.2921 2057.9751 2057.1662 2056.3313 2055.6811 2054.9497 2054.3704 2053.9208 2053.0229 2052.6690 2051.7508 2051.4412 2050.7416 2050.1131 2049.5980 2048.4880 2048.0634 2047.5659 2046.5706 2045.9393 2045.6242 2045.0019 2044.3076 2043.6793 2042.8100 2042.1947 2041.5561 2041.1124 2040.2410 2039.7934 2038.8958 2038.4282 2037.9415 2037.3390 2036.5471 2035.8431 2035.1637 2034.4677 2033.8123 2033.3646 2032.3754 2032.1880 2031.1982 2030.5839 2030.1016 2029.1564 2028.7806 2028.1311 2027.5766 2026.7212 2026.2090 2025.4771 2024.8936 2023.9802 2023.6400 2022.8162 2022.0492 2021.7793 2021.0228 2020.2538
2057.3440 2056.5322 2055.7679 2055.0244 2054.6650 2054.1543 2053.1682 2052.4455 2051.7761 2051.1378 2050.6205 2050.0148 2049.3704 2048.8985 2048.1303 2047.3616 2046.6575 2046.2939 2045.6336 2044.9120 2044.1517 2043.4995 2042.8309 2042.4669 2041.4129 2040.8236 2040.3689 2039.5713 2039.1613 2038.5475 2037.5215 2036.9382 2036.4179 2035.8576 2035.1034 2034.5292 2033.9473 2033.4070 2032.5529 2031.8050 2031.5134 2030.4675 2029.9658 2029.2724 2028.8860 2028.0022 2027.4365 2026.7624 2026.2658 2025.2527 2024.6395 2024.0255 2023.5001 2022.8660 2022.2640 2021.4675 2020.8570 2020.2147 2019.4809 2018.8069
2055.7950 2055.2631 2054.4084 2053.7554 2053.0762 2052.8889 2051.9952 2051.3877 2050.5149 2049.8861 2049.3599 2048.5888 2048.0261 2047.5905 2046.8369 2046.2720 2045.5533 2044.8525 2044.2164 2043.4289 2042.7871 2042.3832 2041.8671 2040.9937 2040.5394 2039.7441 2039.2558 2038.4153 2037.9230 2037.2793 2036.4518 2035.7496 2034.9428 2034.6367 2033.9864 2033.1448 2032.3853 2032.1556 2031.2558 2030.7373 2029.8543 2029.4840 2028.5943 2027.9747 2027.6245 2026.9207 2026.1572 2025.2530 2024.8480 2023.9651 2023.6606 2022.8355 2022.1511 2021.7676 2021.0355 2020.2256 2019.7397 2019.0241 2018.4958 2017.9458
2054.7941 2054.0910 2053.1640 2052.7531 2052.0563 2051.4754 2050.7674 2050.2674 2049.5535 2048.9677 2048.1539 2047.5302 2046.6239 2046.4193 2045.3621 2044.6926 2044.2885 2043.8249 2043.0291 2042.4244 2041.5905 2040.8759 2040.4056 2039.5060 2038.8428 2038.5054 2037.9079 2037.0594 2036.3519 2035.5895 2035.3211 2034.4830 2034.0715 2033.2973 2032.6672 2031.6997 2031.4066 2030.6432 2029.7713 2029.4577 2028.5800 2028.1719 2027.3363 2026.6327 2026.3396 2025.3335 2024.7769 2024.2776 2023.6141 2022.9975 2022.1838 2021.4898 2020.9150 2020.2515 2019.5436 2018.9929 2018.5118 2017.4499 2017.2296 2016.2245
2053.2217 2052.6452 2052.2699 2051.2786 2050.5359 2050.1235 2049.3881 2048.7591 2048.1098 2047.5885 2046.7556 2046.1702 2045.4251 2044.7731 2044.3757 2043.8089 2042.7728 2042.3979 2041.6856 2040.8275 2040.6179 2039.6228 2039.2629 2038.3942 2037.5711 2037.2826 2036.5872 2036.0344 2035.0505 2034.3313 2033.7163 2033.4201 2032.3920 2031.8529 2031.4598 2030.3989 2029.9316 2029.5242 2028.6925 2028.0902 2027.1829 2026.7030 2026.1397 2025.3601 2024.9865 2024.1066 2023.5365 2022.9672 2022.3472 2021.6181 2020.6427 2020.2587 2019.5496 2018.7074 2018.4812 2017.8892 2016.7932 2016.4406 2015.6385 2014.9964
2052.3297 2051.3750 2050.7643 2050.1856 2049.7463 2048.9974 2048.0101 2047.4681 2046.9523 2046.2746 2045.4459 2044.9874 2044.0796 2043.8322 2042.7813 2042.3937 2041.9033 2041.0196 2040.4723 2039.6470 2039.1756 2038.2552 2037.8532 2037.1898 2036.4651 2036.0550 2035.2130 2034.4616 2033.7476 2033.1453 2032.5173 2031.8255 2031.4183 2030.4227 2030.0375 2029.1379 2028.8786 2027.8036 2027.5931 2026.9604 2026.2011 2025.4233 2024.6142 2024.0778 2023.4618 2022.9760 2021.9801 2021.7513 2020.7846 2020.4142 2019.3940 2019.0822 2018.2693 2017.4206 2017.0368 2016.3478 2015.7333 2015.2410 2014.3657 2013.5970
2050.6863 2050.1212 2049.8203 2048.8720 2048.2866 2047.7984 2046.7366 2046.2190 2045.8434 2044.8512 2044.3538 2043.6715 2043.2802 2042.4285 2041.6652 2041.2066 2040.5889 2039.8503 2039.3516 2038.4677 2038.0610 2037.2663 2036.4967 2036.0159 2035.1876 2034.7017 2033.6658 2033.0157 2032.7329 2031.7470 2031.5177 2030.5507 2030.0414 2029.2059 2028.7780 2028.2834 2027.2354 2026.6955 2025.9078 2025.4237 2024.6787 2024.0295 2023.6995 2022.8605 2021.9273 2021.7147 2021.0133 2020.0514 2019.7119 2018.9003 2018.0266 2017.6266 2016.8478 2016.1266 2015.8690 2015.0071 2014.1892 2013.7335 2013.0972 2012.5295
2049.8573 2048.9991 2048.2007 2047.7169 2047.2147 2046.2190 2045.8358 2044.8406 2044.1945 2043.8889 2043.0773 2042.5399 2041.6376 2041.1686 2040.2452 2039.6885 2038.9702 2038.3329 2037.8420 2037.1043 2036.5039 2035.8502 2035.1520 2034.7025 2033.8467 2033.1221 2032.6443 2031.8656 2031.0849 2030.7280 2030.0281 2029.3286 2028.8348 2028.1953 2027.2677 2026.9683 2026.3032 2025.6729 2024.6656 2024.0438 2023.2774 2022.5975 2022.2921 2021.3449 2020.9820 2020.4233 2019.4708 2018.7897 2018.1537 2017.6681 2017.1073 2016.4578 2015.7168 2015.1913 2014.2496 2013.9078 2013.0658 2012.2235 2011.8040 2010.8719
2048.5511 2047.5018 2046.9805 2046.1830 2045.5262 2044.8700 2044.5468 2043.6792 2043.0152 2042.6557 2041.6182 2041.1134 2040.2992 2039.8132 2039.2628 2038.3680 2037.7631 2037.1725 2036.6700 2035.8125 2035.3260 2034.8590 2033.8988 2033.3804 2032.4166 2031.7648 2031.4601 2030.8654 2029.9199 2029.4724 2028.8675 2028.2677 2027.5279 2026.8836 2025.8656 2025.5078 2024.8716 2024.3144 2023.6158 2022.9662 2022.2324 2021.3384 2020.9804 2020.2898 2019.4644 2018.8537 2018.1255 2017.4230 2016.7057 2016.4934 2015.6708 2014.7985 2014.3256 2013.6882 2013.0599 2012.5032 2011.7702 2010.8597 2010.3799 2009.6663
2046.8933 2046.6972 2045.9870 2045.1378 2044.6798 2043.6381 2042.9905 2042.6357 2042.0391 2041.2526 2040.3315 2040.1113 2039.4226 2038.3414 2037.7404 2037.4373 2036.5400 2035.9799 2035.2695 2034.4228 2033.9260 2033.5055 2032.4343 2032.0823 2031.4322 2030.4667 2029.8331 2029.6453 2028.8380 2028.2164 2027.6109 2026.9389 2026.0093 2025.4941 2024.8663 2024.0022 2023.4291 2022.9682 2022.3859 2021.4909 2021.0532 2020.1982 2019.7408 2018.9935 2018.0641 2017.4267 2016.7692 2016.2923 2015.5490 2014.8472 2014.2267 2013.6204 2013.2181 2012.4870 2011.5355 2010.9688 2010.4378 2009.7603 2009.0725 2008.4656
2045.8392 2045.4016 2044.4065 2043.9653 2043.3316 2042.5804 2042.0943 2041.4602 2040.7439 2040.0566 2039.3719 2038.7550 2038.1794 2037.1658 2036.5321 2035.9153 2035.5015 2034.9304 2033.9575 2033.2846 2032.6764 2032.2694 2031.2084 2030.7136 2030.1784 2029.2978 2028.6091 2027.8773 2027.4806 2026.8567 2025.9677 2025.7103 2024.8190 2023.9219 2023.5025 2022.7821 2022.0658 2021.3428 2021.0562 2020.1226 2019.4316 2018.8026 2018.3282 2017.7045 2016.8328 2016.1441 2015.6611 2015.0821 2014.4925 2013.6258 2012.8797 2012.3562 2011.7749 2011.0894 2010.2950 2009.7417 2008.8294 2008.3949 2007.8004 2007.3019
2044.4982 2043.7607 2043.3662 2042.7049 2041.9471 2041.1900 2040.8828 2039.8104 2039.2634 2038.5883 2037.8595 2037.4274 2036.6543 2035.9018 2035.4797 2034.6884 2034.1630 2033.5772 2032.9606 2032.1569 2031.2156 2030.6621 2029.8720 2029.3993 2028.6560 2028.3416 2027.5013 2026.6855 2026.2036 2025.4841 2024.8842 2024.1091 2023.6230 2023.0438 2021.9870 2021.6687 2020.6854 2020.1124 2019.6210 2018.7974 2018.3059 2017.7624 2016.7555 2016.2239 2015.8325 2015.0027 2014.3689 2013.5664 2012.8146 2012.1970 2011.8916 2010.9885 2010.5718 2009.6274 2009.0174 2008.2046 2007.7142 2007.1905 2006.6269 2005.7088
2043.1722 2042.5285 2042.2270 2041.4208 2040.9666 2040.0041 2039.6334 2038.9178 2038.1069 2037.3463 2036.5201 2036.1597 2035.5507 2034.7022 2034.2459 2033.2270 2032.9248 2032.0200 2031.3303 2031.0451 2030.2137 2029.5265 2029.0145 2028.4228 2027.4686 2026.9732 2026.1768 2025.7690 2024.7568 2024.1511 2023.7237 2022.8832 2022.4242 2021.8070 2020.9589 2020.1542 2019.7342 2018.9606 2018.4808 2017.4377 2017.1527 2016.0695 2015.8593 2014.8445 2014.2416 2013.7999 2013.0008 2012.1854 2011.6628 2010.9907 2010.5274 2009.6437 2009.0182 2008.5518 2007.5909 2007.0996 2006.3892 2005.5339 2004.9679 2004.2604
2042.3427 2041.5065 2040.7988 2040.2253 2039.6362 2039.0346 2038.0565 2037.4917 2037.0065 2036.4022 2035.5107 2034.6732 2033.9638 2033.2761 2033.0858 2032.1575 2031.6769 2030.8462 2030.2752 2029.5793 2028.8729 2028.2023 2027.6022 2026.7102 2026.4685 2025.8211 2024.9304 2024.4670 2023.5276 2023.0455 2022.2222 2021.3726 2020.9470 2020.4691 2019.8671 2019.0843 2018.4776 2017.5204 2017.0769 2016.3717 2015.8942 2014.8666 2014.3789 2013.6012 2013.0103 2012.2204 2011.8768 2011.1902 2010.2639 2009.9496 2009.1888 2008.3127 2007.6675 2007.2029 2006.4283 2005.5334 2004.9978 2004.2368 2003.9406 2003.3325
2040.7172 2040.3659 2039.6692 2039.0133 2038.0243 2037.5624 2036.9492 2036.2695 2035.7429 2035.0516 2034.0385 2033.6952 2032.8784 2032.1328 2031.7152 2031.0442 2030.1761 2029.4048 2028.7047 2028.1982 2027.6227 2026.7527 2026.2835 2025.6284 2024.8134 2024.0494 2023.6551 2023.2032 2022.4062 2021.4000 2020.9688 2020.0847 2019.4883 2019.2181 2018.4427 2017.7286 2016.9953 2016.3819 2015.8090 2015.1751 2014.4981 2013.7918 2013.1874 2012.4043 2011.6075 2011.1161 2010.4053 2009.6636 2008.8265 2008.5344 2007.9348 2007.0645 2006.4599 2005.5734 2005.3155 2004.4145 2003.9271 2003.2342 2002.3106 2001.7664
2039.7627 2039.1498 2038.3459 2037.7828 2037.0570 2036.1833 2035.3832 2035.1648 2034.2009 2033.4367 2032.9305 2032.2137 2031.6250 2030.9230 2030.4961 2029.5500 2029.1658 2028.2843 2027.7045 2027.1871 2026.3314 2025.4906 2025.1232 2024.2082 2023.8505 2022.9925 2022.4726 2021.8829 2021.1241 2020.3213 2019.5033 2019.0094 2018.1439 2017.9013 2017.0223 2016.3848 2015.7332 2015.1243 2014.4228 2013.7883 2012.8669 2012.6078 2011.8542 2011.1259 2010.1899 2009.9527 2009.0214 2008.4475 2007.8834 2007.0962 2006.4495 2005.5375 2005.0887 2004.3964 2003.7396 2002.8902 2002.2869 2001.9480 2001.2453 2000.6321
2038.2623 2037.5751 2036.8469 2036.4555 2035.9157 2034.9090 2034.5806 2033.6509 2033.1747 2032.1591 2031.7279 2030.9059 2030.1770 2029.9450 2029.1138 2028.6124 2027.5029 2026.9274 2026.2199 2025.6712 2025.0327 2024.2129 2023.7284 2022.9489 2022.1628 2021.5337 2021.2291 2020.5107 2019.8237 2019.2920 2018.4540 2017.7134 2017.3156 2016.1656 2015.9455 2014.8788 2014.5867 2013.7785 2012.8407 2012.2609 2011.8750 2011.2963 2010.5498 2009.7361 2009.0693 2008.6460 2007.6846 2007.2293 2006.4084 2005.9305 2005.0890 2004.6049 2003.5543 2003.0149 2002.6611 2001.8597 2001.1837 2000.2060 1999.6811 1998.8874
