Dimension Analysis/Flat/CA-TP3_Gini_0.90/dem_plain.txt
ncols         400
nrows         400
xllcorner     100000
yllcorner     100000
cellsize      10
NODATA_value  -9999
[rows 78 to 103 of 400, columns 300 to 359 of 400]
2042.7612 2043.5569 2043.8389 2044.5058 2045.3411 2046.0308 2046.3761 2047.1526 2047.5587 2048.2426 2048.6433 2049.4939 2049.9915 2050.4019 2051.2071 2051.7543 2052.5219 2052.8830 2053.5044 2054.4325 2054.7358 2055.5480 2056.1789 2056.8026 2057.1627 2057.8556 2058.4574 2058.8534 2059.3713 2060.0286 2060.6795 2061.4913 2061.7882 2062.3688 2063.0722 2064.0292 2064.3265 2064.8751 2065.4787 2066.3551 2066.5700 2067.5013 2068.0963 2068.7707 2069.2795 2069.8953 2070.5572 2071.1503 2071.4068 2072.2131 2072.8586 2073.4783 2073.8908 2074.3759 2074.9970 2075.6893 2076.1937 2076.8590 2077.7328 2078.0251
2041.6417 2042.1618 2042.5055 2043.1465 2044.0188 2044.4269 2045.2128 2045.8042 2046.1084 2046.6649 2047.4080 2048.1151 2048.5952 2049.0513 2050.0127 2050.2981 2051.2283 2051.5003 2052.0711 2052.7610 2053.2767 2053.9851 2054.6237 2055.3381 2055.8482 2056.6290 2056.8601 2057.7213 2058.3679 2058.8083 2059.4637 2060.2765 2060.8747 2061.3276 2061.6316 2062.2613 2062.8478 2063.8906 2064.3843 2064.9453 2065.4084 2065.9155 2066.7543 2067.4982 2067.6861 2068.5686 2069.1839 2069.7566 2070.3401 2070.9499 2071.3528 2071.9319 2072.5320 2073.1262 2074.0617 2074.4702 2075.0454 2075.9613 2076.4367 2077.0378
2039.9457 2040.6414 2041.4612 2041.6927 2042.6579 2043.0309 2043.7618 2044.4854 2044.8780 2045.4763 2045.8835 2046.8511 2047.0861 2047.7488 2048.3524 2049.3062 2049.6559 2050.4272 2050.7080 2051.7329 2052.1027 2052.4629 2053.2851 2054.1314 2054.6095 2054.9673 2055.6657 2056.4759 2057.1329 2057.7322 2058.1138 2058.9193 2059.3723 2059.7358 2060.6129 2060.9939 2061.8052 2062.1389 2062.8269 2063.7240 2064.3003 2064.8941 2065.5772 2066.1816 2066.5133 2067.1644 2067.9444 2068.2945 2068.7813 2069.5825 2070.2510 2070.6552 2071.3855 2072.0974 2072.3749 2073.2462 2073.8036 2074.2155 2074.8951 2075.7379
2038.8361 2039.4851 2039.9349 2040.6951 2040.8291 2041.7471 2042.2228 2043.0951 2043.5714 2044.1514 2044.6789 2045.2662 2045.9023 2046.4924 2047.1885 2047.7153 2048.4392 2048.7330 2049.4743 2050.0195 2050.7084 2051.2547 2051.7749 2052.6917 2053.0830 2053.8488 2054.5224 2054.9155 2055.6417 2056.3995 2056.9155 2057.4128 2057.9202 2058.7150 2059.3958 2059.7496 2060.6163 2060.8671 2061.5247 2062.3012 2062.8123 2063.6677 2064.0958 2064.6199 2065.4565 2065.8563 2066.2959 2067.0703 2067.5950 2068.0410 2069.0491 2069.6232 2069.8522 2070.9079 2071.5112 2071.7356 2072.6732 2073.0865 2073.6703 2074.1906
2037.5186 2037.8722 2038.2769 2039.2489 2039.7260 2040.4081 2040.7220 2041.3577 2041.9338 2042.5315 2043.5769 2043.8374 2044.7561 2045.3410 2045.9510 2046.1933 2046.8029 2047.5919 2048.4166 2048.9542 2049.5032 2050.2280 2050.6374 2051.3265 2052.0033 2052.3365 2052.8665 2053.8658 2054.1652 2054.8509 2055.3290 2056.2927 2056.5164 2057.3040 2057.8680 2058.6737 2059.3085 2059.8850 2060.1092 2060.7633 2061.3716 2062.1351 2062.8424 2063.0864 2063.7798 2064.7526 2065.1743 2065.8797 2066.1520 2066.7605 2067.7120 2068.1863 2068.9358 2069.1288 2069.7591 2070.5412 2071.0754 2071.9887 2072.3459 2073.2110
2035.9344 2036.7354 2037.2855 2037.9356 2038.2814 2038.8227 2039.3100 2040.0381 2040.9301 2041.1488 2042.1473 2042.5020 2043.3548 2043.8980 2044.4534 2045.0968 2045.6680 2046.1402 2047.0074 2047.4500 2047.9481 2048.8339 2049.1430 2050.0836 2050.4461 2051.2555 2051.5613 2052.5169 2052.6630 2053.5879 2054.1213 2054.6239 2055.4837 2056.1301 2056.5274 2057.2273 2057.6320 2058.4831 2058.8519 2059.5609 2060.2062 2060.7184 2061.4278 2061.8307 2062.6046 2063.3275 2063.7127 2064.5540 2065.1912 2065.6568 2066.0280 2066.7139 2067.3526 2067.9070 2068.5178 2069.4037 2069.6531 2070.4453 2071.0849 2071.5983
2034.5656 2034.8942 2035.6306 2036.1754 2036.9601 2037.4599 2038.3944 2038.9676 2039.3247 2039.9910 2040.8355 2041.0375 2041.8830 2042.5705 2043.1758 2043.7692 2044.3157 2044.8039 2045.5764 2045.9042 2046.8506 2047.1129 2048.0334 2048.4573 2048.9541 2049.5693 2050.2420 2051.1506 2051.4911 2051.9245 2052.7768 2053.5368 2053.8998 2054.6781 2055.0458 2055.9645 2056.2780 2057.1584 2057.4623 2058.2535 2058.6713 2059.6723 2059.9257 2060.5766 2061.5035 2061.6685 2062.4918 2062.8692 2063.7107 2064.2588 2064.8612 2065.3156 2066.0126 2066.5532 2067.1830 2068.1023 2068.4223 2069.0562 2069.6768 2070.3194
2032.9043 2033.8753 2034.5594 2034.9171 2035.5842 2036.1455 2036.6332 2037.5308 2038.1176 2038.6874 2039.3323 2039.6456 2040.4290 2041.0173 2041.6900 2042.0731 2042.7321 2043.3387 2044.0640 2044.8355 2045.3961 2045.8984 2046.3544 2047.2207 2047.7274 2048.4913 2048.7579 2049.6651 2050.1460 2050.6437 2051.1936 2052.0185 2052.6614 2053.4201 2054.0083 2054.2393 2054.9324 2055.9001 2056.4254 2057.0055 2057.5178 2058.1334 2058.8477 2059.3090 2060.1509 2060.7992 2061.0793 2061.9943 2062.5199 2063.0137 2063.6242 2064.0235 2064.7895 2065.6610 2066.1837 2066.8942 2067.1843 2067.6330 2068.4647 2069.1713
2031.9053 2032.3655 2032.8111 2033.4333 2034.3939 2034.8717 2035.2661 2036.1853 2036.7767 2037.0821 2037.9679 2038.2866 2039.1453 2039.6854 2040.3914 2040.7039 2041.5422 2042.2939 2042.5605 2043.1834 2043.8298 2044.3599 2045.1607 2046.0437 2046.1863 2046.8809 2047.4218 2048.1345 2049.0146 2049.3838 2050.0074 2050.8258 2051.1892 2051.8167 2052.6515 2053.0053 2053.8196 2054.1126 2054.8337 2055.4927 2056.0974 2056.9180 2057.1878 2058.0384 2058.7281 2059.1512 2059.8873 2060.4257 2061.1760 2061.5849 2062.3908 2062.9097 2063.3037 2064.1046 2064.6604 2065.2310 2065.9335 2066.5096 2067.3678 2068.0181
2030.1741 2030.9619 2031.6828 2032.3665 2032.6007 2033.3891 2034.1912 2034.8379 2035.1024 2035.7408 2036.3563 2036.9279 2037.8429 2038.3573 2039.0894 2039.6736 2040.0339 2040.8946 2041.5441 2041.9797 2042.7524 2043.3692 2044.0852 2044.6193 2045.1283 2045.8234 2046.4590 2046.7299 2047.5404 2048.1205 2048.8570 2049.5706 2050.0188 2050.5452 2051.3142 2051.6690 2052.5220 2053.0012 2053.7124 2054.0602 2054.8931 2055.6217 2056.0964 2056.7777 2057.2034 2057.8646 2058.3197 2059.0441 2059.9844 2060.5121 2061.1696 2061.7073 2062.4559 2062.5988 2063.3560 2063.8890 2064.6083 2065.5066 2065.6661 2066.3926
2028.7985 2029.6309 2030.4209 2030.6445 2031.6699 2031.9628 2032.4503 2033.4125 2034.1119 2034.6088 2034.9278 2035.7623 2036.2493 2036.9142 2037.6889 2038.3014 2038.9010 2039.5694 2040.2385 2040.7208 2041.4290 2041.6796 2042.4228 2042.9529 2043.9549 2044.3012 2045.0256 2045.5860 2046.0390 2046.9589 2047.3804 2048.1865 2048.6483 2049.1438 2049.7728 2050.5369 2051.0598 2051.5184 2052.1347 2053.1594 2053.3918 2054.1353 2054.9082 2055.4657 2055.8141 2056.7196 2057.2170 2057.8234 2058.6061 2058.8816 2059.6981 2060.0420 2060.8318 2061.7125 2062.0630 2062.6903 2063.3441 2063.8455 2064.7909 2065.0813
2027.6939 2028.4576 2029.0895 2029.2500 2030.0961 2030.9217 2031.0854 2031.7755 2032.2988 2033.1546 2033.8930 2034.2335 2035.1783 2035.7574 2036.3797 2036.6890 2037.5047 2037.8571 2038.7268 2039.2663 2039.8303 2040.3892 2041.0287 2041.5816 2042.4415 2043.0951 2043.6802 2044.4299 2044.7400 2045.5978 2045.9183 2046.6848 2047.4677 2048.0111 2048.4363 2049.2600 2049.7103 2050.3578 2051.0372 2051.3839 2052.3040 2053.0215 2053.5422 2053.8066 2054.4963 2055.1355 2056.0294 2056.3716 2056.9667 2057.9308 2058.5942 2058.9399 2059.3535 2060.2069 2060.7319 2061.5275 2061.9718 2062.6219 2063.2357 2063.9518
2026.3545 2027.0429 2027.7223 2028.3275 2028.6463 2029.4649 2030.0088 2030.5590 2031.2295 2031.9160 2032.3404 2032.8212 2033.8595 2034.3112 2034.9585 2035.6997 2035.9783 2036.7159 2037.1543 2038.1789 2038.3922 2038.9354 2039.7956 2040.3815 2041.1502 2041.4358 2042.2473 2043.0943 2043.4176 2043.9197 2044.6564 2045.1157 2045.7888 2046.7651 2047.0650 2048.0321 2048.3388 2048.7865 2049.4412 2050.4288 2050.6877 2051.4463 2051.8703 2052.8350 2053.4567 2053.7844 2054.4670 2055.2819 2055.5858 2056.4833 2056.9538 2057.4848 2058.4331 2058.8963 2059.5528 2060.3143 2060.9459 2061.3123 2061.8286 2062.3812
2024.8987 2025.6562 2026.2924 2026.7207 2027.4706 2027.9912 2028.6640 2029.2881 2029.9406 2030.5922 2031.0929 2031.7947 2032.3512 2032.7897 2033.3254 2034.0767 2034.6763 2035.2628 2036.1017 2036.6548 2037.1424 2037.9710 2038.4342 2039.0038 2039.7454 2040.3638 2041.0233 2041.5215 2042.0766 2042.8874 2043.3201 2043.9648 2044.4328 2045.0770 2045.7224 2046.4733 2047.1140 2047.5211 2048.4309 2049.0966 2049.6202 2050.1010 2050.7040 2051.3519 2052.0665 2052.8147 2053.0729 2054.0538 2054.6410 2054.8687 2055.6967 2056.3852 2056.7582 2057.8077 2058.3085 2058.8349 2059.2080 2060.0951 2060.8092 2061.2362
2023.7236 2024.3566 2024.8396 2025.1533 2025.9847 2026.3744 2027.2707 2027.9797 2028.5787 2028.8884 2029.6924 2030.4261 2030.7223 2031.3855 2032.3467 2032.5864 2033.2174 2033.8994 2034.4000 2035.0222 2035.8509 2036.2372 2037.1947 2037.7381 2038.3075 2038.8294 2039.4887 2040.0498 2040.5758 2041.3897 2041.8433 2042.7085 2043.1290 2043.6582 2044.4420 2045.2958 2045.5301 2046.5916 2047.1853 2047.8147 2048.0697 2048.6700 2049.3529 2050.0002 2050.7366 2051.4306 2051.8835 2052.4207 2053.1725 2053.8549 2054.6557 2055.2747 2055.5015 2056.0863 2057.1063 2057.4920 2058.1116 2058.7738 2059.2972 2060.0717
2022.0606 2022.9223 2023.5892 2024.0417 2024.8340 2025.3059 2026.0509 2026.3407 2027.1915 2027.8817 2028.1964 2028.6851 2029.7912 2030.0120 2030.8798 2031.3194 2031.8655 2032.4375 2033.3107 2033.9805 2034.6202 2034.9772 2035.5426 2036.5410 2036.7366 2037.4400 2038.3857 2038.9890 2039.3614 2039.9914 2040.4919 2041.1093 2041.9875 2042.4537 2043.0926 2043.7075 2044.6624 2044.8084 2045.6150 2046.1667 2046.8023 2047.7685 2048.2219 2048.8031 2049.2725 2049.8649 2050.6081 2051.0407 2051.8262 2052.3226 2052.9380 2053.8446 2054.4493 2054.7883 2055.7043 2056.3909 2056.7248 2057.5625 2058.1836 2058.7358
2020.9752 2021.3355 2022.0784 2022.7872 2023.0452 2023.9574 2024.2337 2024.9862 2025.5626 2026.0749 2026.7430 2027.7890 2028.0775 2028.8631 2029.4841 2030.2608 2030.7682 2031.2962 2031.7695 2032.3277 2033.3482 2033.9594 2034.4399 2035.2126 2035.4198 2036.2951 2036.9433 2037.3441 2037.9007 2038.6711 2039.4264 2040.1928 2040.6878 2041.1901 2041.9337 2042.6845 2043.1253 2043.9155 2044.2585 2045.1574 2045.3625 2045.9961 2047.0304 2047.2228 2048.2456 2048.6183 2049.5153 2049.6925 2050.7606 2051.2789 2051.7356 2052.3826 2053.2223 2053.4871 2054.1123 2054.8452 2055.4554 2056.3597 2056.8688 2057.1898
2019.3251 2019.7766 2020.6526 2021.1217 2021.9659 2022.3968 2023.1221 2023.7533 2024.1300 2024.7261 2025.6728 2026.2621 2026.7888 2027.2025 2028.0859 2028.7555 2029.3444 2029.8351 2030.3703 2031.0105 2031.6285 2032.5013 2032.8399 2033.7718 2034.0518 2034.7771 2035.2902 2036.0877 2036.7445 2037.1743 2038.1931 2038.4797 2039.0196 2040.0118 2040.3900 2041.1508 2042.0037 2042.2357 2043.1946 2043.8692 2044.3939 2044.9525 2045.6900 2045.8792 2046.9235 2047.2747 2047.8574 2048.6789 2049.1205 2050.0693 2050.4032 2051.1470 2051.8538 2052.3716 2052.7391 2053.6116 2053.9531 2054.6957 2055.4221 2055.9129
2017.7937 2018.8155 2019.1187 2019.6458 2020.2570 2021.1730 2021.7011 2022.1244 2022.9145 2023.6481 2024.2975 2024.9771 2025.2861 2026.1604 2026.5418 2027.3687 2027.9472 2028.5702 2029.4425 2029.7508 2030.3099 2030.8362 2031.8543 2032.1664 2032.7542 2033.5128 2034.4304 2034.9101 2035.3843 2035.8612 2036.8380 2037.0626 2037.9288 2038.5020 2039.2764 2039.6328 2040.2546 2041.1947 2041.8813 2042.4407 2042.9741 2043.7049 2044.1918 2044.7428 2045.4610 2046.0959 2046.4726 2047.1764 2048.0926 2048.2972 2049.0433 2049.7242 2050.2497 2050.9970 2051.5945 2052.4992 2052.9411 2053.3588 2054.0253 2054.8693
2016.3768 2017.2745 2017.9333 2018.2710 2018.9178 2019.7318 2020.2682 2020.9996 2021.4709 2022.3718 2023.0990 2023.3739 2024.0855 2024.9197 2025.1634 2026.1360 2026.6816 2026.9873 2028.0862 2028.4741 2029.1963 2029.9201 2030.2242 2030.8288 2031.7493 2032.3894 2032.9594 2033.4825 2034.1848 2034.4823 2035.4554 2036.1505 2036.7783 2037.0941 2037.6521 2038.5603 2039.3096 2039.5050 2040.3928 2040.9216 2041.6477 2042.2247 2042.8859 2043.4696 2043.9672 2044.6729 2045.4711 2046.0588 2046.3857 2047.2618 2047.8925 2048.6736 2049.1928 2049.7430 2050.4735 2050.9540 2051.6403 2052.3307 2052.6664 2053.4891
2015.4202 2015.8533 2016.4541 2017.3457 2017.9088 2018.1684 2019.0448 2019.5566 2020.0790 2020.9175 2021.6011 2022.1616 2022.7121 2023.4653 2024.0816 2024.7885 2025.4206 2026.0449 2026.7227 2026.9734 2027.5768 2028.3585 2028.7563 2029.7757 2030.4559 2030.7453 2031.5030 2031.9756 2032.8222 2033.4035 2033.9506 2034.6969 2035.2592 2035.9394 2036.5256 2037.1227 2037.9768 2038.3904 2038.9201 2039.8687 2040.3965 2040.8109 2041.2955 2042.2637 2042.6366 2043.3956 2044.0878 2044.8621 2045.4414 2045.8432 2046.3223 2047.2366 2047.6212 2048.5641 2049.0033 2049.8569 2050.0698 2050.6704 2051.2951 2052.2333
2013.6435 2014.5113 2014.9468 2015.6538 2016.3506 2016.9194 2017.8423 2018.3857 2018.6436 2019.5903 2020.2872 2020.8259 2021.4221 2022.1524 2022.5797 2023.1041 2023.8132 2024.6672 2025.2971 2025.7094 2026.3109 2027.1785 2027.5654 2028.1941 2028.9595 2029.7169 2030.0326 2030.6669 2031.5978 2031.9437 2032.6792 2033.5146 2033.8418 2034.5590 2035.2334 2035.8698 2036.2072 2037.2358 2037.4357 2038.3587 2039.0559 2039.7156 2040.1921 2041.0236 2041.4419 2041.9756 2042.8332 2043.2104 2043.8044 2044.3624 2045.1222 2045.6474 2046.3723 2047.1903 2047.5254 2048.3411 2048.9973 2049.7777 2050.2608 2050.6567
2012.5886 2013.2264 2013.7801 2014.5693 2015.0252 2015.3756 2016.3623 2016.7941 2017.5031 2018.1159 2018.5893 2019.3811 2020.0232 2020.4946 2021.2717 2021.7236 2022.6387 2022.9747 2023.6599 2024.5979 2025.0796 2025.8428 2026.1639 2026.9547 2027.5948 2028.2623 2029.0282 2029.2413 2030.0240 2030.8748 2031.4002 2031.8594 2032.7232 2033.3632 2033.6742 2034.4962 2035.1317 2035.5883 2036.2427 2036.8597 2037.5860 2038.2530 2038.6556 2039.6288 2039.8969 2040.7101 2041.4431 2042.2240 2042.4447 2043.1394 2044.1329 2044.3774 2045.0350 2045.8864 2046.4811 2047.2124 2047.7764 2048.5412 2049.0555 2049.6087
2011.3313 2011.5998 2012.1497 2012.9915 2013.7669 2014.3761 2014.9994 2015.6430 2016.0812 2016.8582 2017.5098 2018.0569 2018.8494 2019.1841 2019.8740 2020.5602 2021.0141 2021.6906 2022.5511 2023.0127 2023.5970 2024.3926 2025.0720 2025.5476 2026.3992 2026.7057 2027.6487 2027.8714 2028.8401 2029.3081 2029.9270 2030.6278 2031.0218 2032.0889 2032.6755 2032.9483 2033.9746 2034.1688 2035.1000 2035.6964 2036.4448 2036.7039 2037.6304 2038.2730 2038.6509 2039.3378 2040.2933 2040.4867 2041.0998 2042.0847 2042.7885 2043.3952 2043.6075 2044.5776 2044.8898 2045.9550 2046.3966 2046.8616 2047.4242 2048.0972
2009.6126 2010.3086 2010.8789 2011.7708 2012.2446 2012.8515 2013.7312 2014.2614 2015.0030 2015.4914 2015.7853 2016.8435 2017.5208 2017.9288 2018.4485 2019.2037 2019.8694 2020.4299 2020.9063 2021.6826 2022.1130 2022.7565 2023.5925 2024.1064 2024.8391 2025.3552 2026.2454 2026.9616 2027.4154 2027.9345 2028.4519 2029.1528 2029.7538 2030.5306 2031.0495 2031.6590 2032.5141 2032.8555 2033.9384 2034.2726 2035.0092 2035.8144 2035.9662 2037.0660 2037.4986 2037.9027 2038.9724 2039.1571 2039.8551 2040.7996 2041.4787 2042.1415 2042.5665 2043.1030 2044.0309 2044.4382 2045.2645 2045.5224 2046.1121 2046.8683
2008.3419 2008.7836 2009.7498 2010.2465 2010.7269 2011.6396 2012.0751 2012.6285 2013.6230 2013.8822 2014.8068 2015.1562 2015.8560 2016.4931 2017.3970 2017.7787 2018.3626 2019.0340 2019.8801 2020.4201 2020.8326 2021.5832 2022.4543 2022.9637 2023.3271 2024.0456 2024.6143 2025.5279 2026.2436 2026.7032 2027.1353 2027.7655 2028.7009 2029.1937 2030.0129 2030.2171 2031.2645 2031.5415 2032.2764 2032.8684 2033.7353 2034.1574 2034.6678 2035.3898 2036.0339 2036.8227 2037.5513 2038.1172 2038.6581 2039.4113 2040.1241 2040.3404 2041.1694 2041.8762 2042.5244 2042.9669 2043.9389 2044.2513 2045.2268 2045.6413
