Dimension Analysis/Flat/CA-TP3_Gini_0.90/dem_plain.txt
ncols         400
nrows         400
xllcorner     100000
yllcorner     100000
cellsize      10
NODATA_value  -9999
[rows 364 to 389 of 400, columns 180 to 239 of 400]
1571.0160 1569.8366 1568.8637 1568.1849 1567.2570 1565.9856 1565.2208 1564.2912 1563.1871 1562.1782 1561.2528 1560.1247 1559.5966 1558.5443 1557.6485 1556.2417 1555.6273 1554.5659 1553.4820 1552.6253 1552.7746 1553.5560 1554.5597 1555.3774 1556.2959 1557.5889 1558.3000 1559.5972 1560.4846 1561.1817 1562.2616 1563.3455 1564.1179 1565.1071 1565.8849 1566.9455 1568.2316 1568.8139 1569.7258 1570.9056 1571.6466 1573.0493 1573.7520 1574.9536 1575.8868 1576.8647 1577.7716 1578.3466 1579.4515 1580.6648 1581.4319 1582.5944 1583.1348 1584.1841 1585.3133 1586.0917 1587.1425 1588.3656 1588.9544 1590.2080
1569.4099 1568.3258 1567.3750 1566.4342 1565.6663 1564.6222 1563.5908 1562.6631 1561.6789 1560.8183 1559.7837 1558.8731 1558.0754 1556.7110 1555.7822 1554.8964 1554.0718 1553.2946 1552.2600 1551.1047 1551.3657 1552.2574 1553.2453 1554.1103 1555.0272 1556.0268 1556.6689 1558.1087 1558.6210 1559.8123 1560.8830 1561.7179 1562.5479 1563.4404 1564.6110 1565.6004 1566.5536 1567.6615 1568.2703 1569.4276 1570.4774 1571.3820 1572.2734 1573.0925 1574.2464 1574.9655 1576.2762 1576.9506 1578.2564 1578.9980 1579.9463 1581.0104 1582.1506 1582.6352 1583.9400 1584.9291 1585.5626 1586.8759 1587.7659 1588.7107
1567.8247 1567.1353 1566.0653 1565.2233 1564.0292 1563.0521 1562.3708 1561.1824 1560.1052 1559.0398 1558.5078 1557.1334 1556.1595 1555.6516 1554.3660 1553.4755 1552.6259 1551.4647 1550.7804 1549.4863 1549.5583 1550.8213 1551.7466 1552.4209 1553.6339 1554.3676 1555.3173 1556.5286 1557.3048 1558.2558 1559.0246 1560.2507 1561.0289 1562.1807 1563.2948 1564.1430 1564.9617 1565.8915 1566.7824 1568.0661 1569.1053 1569.9539 1570.7224 1571.7281 1572.5043 1573.7993 1574.5050 1575.6521 1576.6015 1577.4847 1578.6908 1579.6026 1580.4693 1581.4393 1582.3583 1583.2279 1584.4398 1585.4557 1586.0691 1587.3413
1566.4934 1565.5168 1564.3659 1563.7417 1562.3527 1561.4270 1560.4917 1559.8278 1558.7910 1557.9943 1556.8845 1555.6528 1554.8746 1553.8396 1552.8848 1551.8066 1550.8175 1549.9200 1548.9166 1548.0661 1548.0399 1549.1209 1550.0571 1550.9416 1551.8631 1553.0476 1554.1033 1554.7749 1555.7846 1556.6330 1557.9493 1558.7806 1559.6255 1560.7339 1561.5233 1562.5525 1563.6957 1564.5763 1565.3996 1566.4746 1567.5882 1568.1961 1569.5629 1570.5333 1571.5026 1572.3624 1573.3002 1574.1236 1575.1405 1576.0609 1576.8382 1578.1878 1578.7832 1580.1820 1581.1265 1582.1155 1583.0850 1583.8717 1584.6538 1585.5669
1564.9738 1564.1450 1562.9476 1562.1534 1561.3047 1560.3818 1558.9991 1558.1126 1557.0987 1556.4128 1555.2798 1554.5551 1553.4940 1552.3796 1551.3908 1550.5858 1549.5456 1548.7278 1547.3713 1546.7466 1546.8631 1547.8087 1548.7359 1549.3643 1550.6844 1551.5312 1552.2212 1553.5467 1554.3586 1555.2262 1556.4447 1557.1831 1558.1300 1559.0430 1560.1039 1561.0284 1562.0583 1562.8147 1564.0959 1564.9208 1566.1294 1566.6568 1567.8599 1568.8044 1569.5625 1570.5564 1571.7601 1572.8467 1573.5531 1574.6552 1575.7809 1576.5696 1577.7261 1578.5745 1579.2920 1580.5056 1581.3760 1582.4947 1583.4728 1584.4277
1563.6729 1562.7160 1561.4354 1560.3755 1559.8044 1558.6068 1557.5244 1556.6066 1555.7440 1555.0112 1554.0586 1553.0331 1552.0401 1550.8453 1550.1787 1549.0479 1547.9026 1546.8139 1546.0994 1544.8766 1545.0577 1545.8869 1547.1909 1547.7707 1548.8433 1549.7016 1551.0471 1551.9858 1552.9591 1554.0343 1554.5388 1555.7701 1556.9403 1557.6382 1558.4973 1559.5740 1560.4795 1561.5197 1562.6843 1563.4697 1564.6935 1565.2265 1566.5778 1567.3307 1568.1919 1569.2306 1570.3492 1571.4288 1572.3494 1573.0962 1573.9666 1575.3471 1576.2853 1577.0065 1577.9023 1579.0805 1579.7454 1581.0055 1581.6601 1582.9502
1562.1206 1561.0731 1560.1206 1559.0819 1558.2111 1557.1227 1556.2138 1555.2884 1554.1587 1553.3528 1552.2819 1551.1835 1550.3543 1549.2898 1548.3661 1547.6931 1546.4459 1545.6159 1544.3657 1543.6976 1543.5227 1544.4600 1545.3436 1546.3649 1547.5160 1548.3448 1549.5705 1550.3441 1551.4137 1552.2752 1553.2203 1554.2473 1555.1767 1556.2664 1557.1969 1558.1085 1559.1785 1560.1450 1560.9150 1561.9143 1563.1998 1564.0506 1564.8938 1565.8919 1566.9373 1567.7642 1568.7378 1569.9931 1570.5183 1571.8763 1572.7350 1573.5395 1574.7687 1575.5571 1576.2931 1577.3793 1578.2432 1579.2592 1580.2901 1581.5492
1560.5094 1559.3565 1558.5497 1557.4601 1556.5133 1555.8442 1554.6089 1553.5767 1552.5331 1551.9817 1550.8021 1549.8151 1548.9555 1547.9569 1547.0308 1546.0287 1544.8273 1544.0363 1543.2719 1542.2194 1542.0137 1542.8638 1544.0080 1544.9378 1546.1360 1547.1307 1547.7421 1548.7927 1549.9476 1550.8214 1551.8285 1552.6691 1553.8436 1554.6641 1555.7123 1556.6752 1557.4764 1558.7807 1559.6769 1560.5977 1561.6182 1562.6741 1563.5901 1564.4930 1565.2343 1566.4055 1567.0750 1568.0612 1569.2462 1570.3829 1570.9815 1572.2902 1573.0467 1574.2506 1575.0281 1575.8842 1576.8471 1578.1113 1579.0975 1579.7533
1558.8496 1558.1048 1556.9192 1556.1435 1555.2060 1554.3857 1553.0731 1552.4689 1551.2089 1550.4862 1549.3793 1548.6160 1547.4572 1546.6134 1545.6020 1544.6715 1543.5337 1542.5668 1541.6643 1540.6295 1540.6350 1541.6599 1542.5503 1543.2999 1544.4087 1545.4031 1546.5459 1547.2879 1548.1469 1549.2167 1550.3330 1551.4954 1552.4853 1553.1722 1554.1597 1555.1116 1556.0326 1556.8861 1558.2821 1559.0519 1560.2046 1561.0406 1561.7500 1562.7123 1563.7075 1564.9797 1565.7016 1566.9742 1567.7823 1568.6705 1569.7720 1570.8156 1571.6235 1572.4295 1573.4702 1574.4362 1575.6065 1576.5346 1577.7186 1578.4445
1557.5487 1556.7707 1555.4766 1554.8219 1553.6091 1552.6099 1551.7342 1550.5838 1549.6673 1548.5790 1548.0380 1546.9119 1545.6871 1544.7470 1544.0380 1543.1654 1542.2191 1540.8945 1539.8865 1539.2426 1539.1407 1539.8448 1540.9003 1542.0555 1542.9968 1543.8783 1545.1078 1545.7640 1546.8003 1547.7797 1548.6088 1549.8734 1551.0074 1551.9303 1552.6039 1553.7843 1554.6566 1555.5842 1556.4609 1557.7610 1558.6238 1559.4861 1560.6242 1561.4400 1562.4499 1563.4116 1564.5627 1565.1853 1566.1877 1567.3965 1568.4343 1569.0242 1570.0828 1571.3032 1572.2852 1573.3667 1573.9657 1575.0942 1576.1712 1576.8509
1555.8875 1555.1374 1553.9632 1552.9406 1552.3689 1551.1508 1550.4065 1549.4533 1548.1015 1547.5315 1546.1655 1545.5172 1544.3783 1543.2882 1542.5731 1541.4899 1540.7614 1539.3444 1538.7655 1537.5407 1537.7158 1538.6181 1539.3288 1540.6926 1541.3937 1542.4169 1543.3981 1544.5078 1545.3252 1546.5294 1547.4818 1548.3160 1549.4724 1550.1058 1551.4305 1552.2161 1553.2693 1553.9268 1554.8921 1556.0907 1557.2706 1558.1570 1559.0990 1560.1996 1560.7256 1561.8604 1562.9859 1563.7726 1564.9598 1566.0179 1566.8605 1567.6375 1568.8919 1569.6466 1570.8599 1571.5674 1572.4817 1573.8040 1574.5937 1575.7401
1554.8191 1553.7728 1552.5168 1551.5842 1550.8038 1549.7126 1548.9636 1547.8393 1547.0398 1546.0694 1545.0594 1543.9635 1543.1219 1541.8137 1541.0798 1539.9687 1539.2156 1538.1752 1537.0828 1535.9879 1535.9407 1537.1076 1537.9692 1539.1929 1540.1976 1540.7934 1542.0166 1542.9221 1544.0037 1545.0195 1546.0102 1546.7712 1547.6647 1548.5191 1549.9276 1550.8889 1551.6747 1552.4762 1553.6415 1554.4870 1555.5537 1556.5997 1557.7556 1558.2939 1559.2526 1560.5781 1561.4937 1562.6583 1563.2693 1564.4557 1565.1568 1566.1822 1567.3183 1568.0480 1569.1297 1569.9746 1571.1949 1572.2726 1573.1287 1574.0503
1553.3136 1552.2432 1551.2679 1550.2719 1549.2913 1548.0390 1547.1842 1546.1004 1545.2583 1544.4508 1543.4028 1542.3325 1541.3784 1540.4586 1539.3289 1538.4576 1537.7410 1536.4986 1535.3472 1534.8361 1534.6476 1535.7017 1536.6967 1537.7017 1538.6495 1539.5106 1540.3127 1541.5561 1542.3640 1543.6046 1544.3040 1545.1743 1546.1921 1547.4684 1548.3635 1549.0641 1550.2739 1550.9296 1551.9710 1553.2233 1554.2434 1555.0606 1555.9837 1556.9281 1557.9834 1559.0934 1559.7348 1560.6943 1561.7805 1563.1412 1563.9140 1564.9144 1565.7987 1566.5916 1567.5491 1568.5158 1569.5026 1570.7448 1571.5671 1572.8086
1551.5311 1550.4914 1549.7647 1548.7200 1547.5873 1546.9423 1545.9375 1544.8209 1544.0799 1542.7554 1541.6367 1541.1129 1540.0064 1539.0379 1537.8278 1536.9861 1536.2614 1535.2616 1534.0536 1533.1022 1533.2485 1534.0572 1535.0801 1536.1508 1537.1382 1537.8896 1539.0845 1539.8803 1540.6923 1542.0018 1542.8651 1543.7992 1544.8377 1545.9071 1546.5411 1547.6295 1548.5392 1549.4684 1550.6403 1551.4638 1552.5869 1553.3758 1554.4513 1555.4181 1556.5906 1557.4674 1558.5250 1559.5313 1560.5289 1561.4377 1562.2317 1563.5675 1564.2844 1565.4812 1566.1448 1567.1633 1568.3364 1569.3222 1570.3832 1571.0096
1550.0021 1549.1384 1548.1291 1547.0596 1546.3282 1545.3715 1544.0918 1543.3582 1542.3753 1541.5453 1540.3522 1539.1789 1538.3520 1537.5686 1536.4461 1535.6197 1534.5478 1533.4387 1532.3310 1531.4720 1531.3557 1532.3438 1533.3125 1534.3116 1535.3746 1536.5575 1537.2094 1538.5289 1539.6235 1540.5059 1541.5993 1542.2727 1543.1899 1544.1204 1545.1219 1546.2815 1547.4153 1548.1394 1549.3822 1550.0322 1551.0163 1551.9606 1553.2872 1554.1228 1554.9690 1555.9523 1557.0633 1557.7982 1559.1845 1559.8406 1561.1056 1561.7714 1562.6801 1564.0719 1564.7466 1565.9635 1566.8958 1567.6756 1568.9921 1569.8936
1548.6924 1547.7132 1546.9043 1545.9744 1544.7640 1543.6218 1542.7227 1541.6857 1540.9663 1539.7158 1538.7240 1537.7824 1537.1314 1535.7554 1534.9186 1533.9493 1532.9519 1531.9230 1531.0871 1530.1158 1530.3041 1531.1752 1531.8955 1533.0936 1534.0513 1535.0768 1536.0140 1536.9561 1537.9142 1539.0724 1540.0407 1540.7030 1541.9460 1542.9581 1543.9586 1544.9496 1545.6904 1546.7864 1547.5744 1548.5512 1549.7851 1550.5947 1551.6831 1552.5545 1553.5834 1554.4016 1555.5357 1556.4911 1557.3875 1558.6884 1559.3685 1560.2181 1561.5202 1562.4868 1563.4593 1564.4836 1565.1019 1566.1580 1567.3896 1568.1652
1547.2268 1545.9897 1545.3961 1544.1613 1543.4593 1542.5336 1541.5190 1540.2480 1539.1735 1538.4891 1537.2193 1536.5786 1535.2015 1534.2576 1533.4284 1532.3424 1531.3452 1530.5181 1529.4624 1528.5231 1528.6271 1529.6941 1530.7437 1531.7048 1532.2527 1533.3621 1534.4306 1535.3128 1536.6178 1537.3860 1538.4950 1539.3670 1540.1381 1541.3559 1542.4903 1543.2319 1544.4770 1545.4259 1546.3229 1547.2498 1547.9666 1549.0549 1550.1462 1550.9057 1552.3273 1553.2129 1554.2568 1555.0386 1556.0741 1557.0169 1557.9525 1558.7401 1559.7633 1560.9613 1561.8815 1563.1474 1563.7686 1564.7679 1565.8344 1566.7654
1545.9185 1544.5199 1543.6462 1542.9555 1542.0045 1540.6465 1540.0347 1538.8159 1537.7068 1537.0848 1536.1557 1534.8648 1533.9254 1533.1577 1531.9478 1530.8190 1529.7860 1528.8089 1527.8971 1526.9592 1527.0848 1527.8643 1529.0781 1530.0221 1530.8710 1531.8000 1533.1785 1533.9071 1535.0687 1536.1403 1536.7927 1537.8101 1538.7337 1539.7643 1540.5753 1542.0506 1542.8902 1543.6039 1544.7883 1545.6765 1546.4771 1547.8495 1548.4714 1549.9106 1550.6113 1551.6438 1552.5806 1553.4449 1554.6150 1555.5255 1556.2956 1557.7410 1558.7170 1559.5261 1560.4625 1561.4101 1562.6377 1563.5982 1564.2193 1565.5872
1544.3894 1543.1532 1542.2594 1541.4363 1540.5638 1539.3407 1538.3980 1537.4881 1536.5904 1535.5078 1534.5508 1533.6087 1532.2538 1531.3158 1530.2457 1529.6917 1528.7025 1527.5416 1526.3334 1525.6521 1525.4755 1526.6745 1527.4011 1528.6565 1529.3398 1530.7204 1531.4465 1532.6456 1533.3572 1534.6597 1535.5840 1536.3027 1537.4944 1538.1665 1539.0940 1540.3606 1541.1501 1542.1821 1543.1747 1544.1384 1545.3576 1546.1736 1547.3030 1548.2142 1549.3803 1550.3441 1551.1137 1552.0661 1553.3094 1554.2190 1554.8839 1556.1087 1556.7960 1558.2464 1558.9957 1559.8902 1560.7479 1561.8439 1562.7221 1563.8394
1542.7358 1541.6860 1540.6244 1539.9509 1538.7517 1537.6541 1537.1121 1536.0874 1534.9439 1534.1328 1532.9433 1531.8460 1531.0217 1529.8216 1529.0704 1528.1307 1527.0593 1525.8885 1524.9449 1524.0809 1523.8805 1524.9888 1525.8430 1527.1812 1527.9655 1528.7883 1530.2130 1531.1042 1531.8931 1532.7542 1534.1413 1535.0739 1536.1132 1536.9746 1537.9816 1538.8538 1539.8044 1540.7794 1541.9729 1542.9428 1543.8775 1544.8465 1545.5215 1546.7830 1547.5401 1548.5743 1549.4270 1550.6929 1551.5990 1552.4430 1553.4088 1554.8090 1555.4578 1556.6828 1557.3170 1558.5031 1559.4040 1560.2666 1561.6318 1562.6736
1541.5374 1540.4816 1539.3791 1538.4132 1537.3505 1536.1849 1535.5791 1534.3397 1533.1829 1532.1836 1531.5975 1530.5713 1529.7067 1528.6835 1527.3155 1526.6288 1525.6671 1524.5353 1523.5647 1522.7180 1522.3938 1523.4444 1524.5770 1525.5708 1526.6373 1527.4884 1528.6353 1529.6464 1530.3250 1531.4460 1532.6083 1533.3614 1534.3504 1535.5538 1536.4280 1537.3545 1538.4069 1539.3002 1540.2485 1541.3503 1542.4853 1543.1827 1544.3318 1545.3750 1546.0041 1547.1997 1548.0965 1549.2980 1550.1159 1551.2127 1552.3806 1553.0242 1553.9904 1555.0290 1556.0144 1557.0197 1558.0862 1559.1357 1560.0010 1560.8231
1539.9851 1538.7804 1537.9786 1536.7594 1535.6436 1534.8573 1533.7102 1532.6903 1532.0245 1530.7667 1530.1468 1529.1044 1527.7436 1526.7554 1525.8205 1524.9264 1524.1090 1522.9156 1522.0009 1521.2809 1521.0368 1521.9538 1523.0619 1523.9273 1525.0870 1525.7558 1527.2011 1527.9271 1529.0872 1529.9570 1530.9006 1531.7040 1532.7241 1533.6808 1534.8712 1535.6823 1536.6859 1538.0096 1538.8464 1539.9072 1540.8905 1541.7178 1542.5818 1543.7181 1544.6005 1545.8546 1546.9231 1547.6224 1548.5714 1549.4993 1550.7907 1551.6892 1552.5562 1553.3927 1554.3751 1555.4574 1556.6990 1557.5910 1558.3883 1559.6270
1538.4221 1537.3594 1536.4369 1535.3575 1534.5687 1533.2850 1532.4779 1531.3989 1530.2651 1529.5982 1528.5582 1527.5593 1526.4016 1525.4990 1524.2747 1523.2787 1522.4490 1521.6627 1520.5006 1519.6172 1519.5537 1520.4962 1521.6434 1522.5432 1523.7122 1524.5944 1525.2934 1526.4175 1527.4079 1528.5034 1529.2241 1530.5824 1531.5398 1532.1910 1533.3060 1534.4236 1535.4820 1536.2241 1537.5392 1538.2684 1539.3121 1540.5101 1541.4955 1542.5273 1543.3919 1544.3820 1545.2640 1546.2338 1547.4529 1547.9727 1549.1232 1550.2110 1551.1952 1552.1869 1553.0761 1554.0074 1554.9965 1555.9188 1556.8757 1557.8741
1536.8618 1536.0364 1534.6932 1534.0726 1532.7575 1531.8313 1530.7320 1529.7990 1529.0461 1527.9477 1526.7767 1525.7686 1524.7356 1523.8976 1522.9419 1522.1425 1520.9745 1519.8857 1518.8013 1517.8825 1518.2226 1518.8614 1519.9912 1521.1129 1522.0064 1522.7821 1524.1449 1524.9141 1525.9496 1527.1025 1528.0295 1529.0282 1529.9732 1530.8491 1531.8292 1532.7057 1533.9479 1534.9871 1536.0205 1536.6732 1537.8793 1538.6446 1540.0508 1540.8145 1541.7395 1542.6489 1543.7327 1544.7655 1545.9318 1546.5546 1547.9175 1548.5411 1549.8268 1550.6588 1551.8145 1552.6222 1553.8691 1554.6854 1555.6298 1556.6537
1535.2064 1534.4081 1533.5605 1532.4271 1531.6178 1530.6039 1529.5498 1528.2281 1527.5390 1526.4617 1525.5702 1524.5342 1523.4906 1522.4250 1521.4597 1520.7093 1519.3084 1518.2823 1517.6277 1516.7273 1516.3250 1517.4074 1518.7464 1519.3888 1520.3408 1521.2808 1522.7277 1523.4728 1524.6375 1525.2448 1526.3360 1527.2699 1528.5336 1529.4789 1530.4682 1531.3253 1532.3691 1533.4542 1534.3043 1535.1677 1536.4320 1537.1983 1538.4432 1539.4554 1540.1049 1541.5412 1542.3966 1543.2921 1544.3592 1545.1721 1546.1501 1547.0443 1548.1399 1549.1400 1550.3871 1551.1646 1552.1381 1553.2046 1554.0124 1555.2757
1534.0715 1532.9112 1531.8864 1530.8491 1529.6981 1528.9180 1527.7060 1527.1433 1525.7082 1524.8333 1524.0351 1522.7406 1522.0505 1521.1875 1519.8278 1518.7861 1518.2361 1516.9273 1515.9427 1515.2574 1515.1466 1515.8842 1517.2043 1518.1854 1519.1298 1520.0566 1521.2082 1521.9132 1523.1770 1523.9504 1524.8097 1526.1747 1527.1605 1527.9513 1528.9829 1529.9485 1530.7835 1531.8451 1532.7540 1534.0925 1535.0055 1535.9270 1536.9731 1537.8594 1538.7326 1539.6193 1541.0838 1542.0326 1542.9855 1543.8266 1544.8587 1545.6130 1546.5580 1547.6487 1548.9892 1549.5804 1550.7326 1551.5322 1552.8714 1553.7027
