Dimension Analysis/Flat/CA-TP3_Gini_0.90/dem_plain.txt
ncols         400
nrows         400
xllcorner     100000
yllcorner     100000
cellsize      10
NODATA_value  -9999
[rows 78 to 103 of 400, columns 180 to 239 of 400]
1994.3033 1993.5346 1993.0203 1992.2974 1991.7453 1991.0168 1990.6084 1989.9558 1989.2122 1988.5761 1988.2753 1987.5045 1986.9867 1986.4162 1985.8656 1985.1101 1984.6630 1984.1252 1983.5046 1982.8372 1982.4646 1983.3926 1983.7645 1984.7330 1985.2712 1985.4610 1986.3734 1987.0766 1987.4462 1988.2718 1988.6121 1989.4719 1990.0473 1990.3235 1991.2733 1991.8362 1992.5212 1992.7635 1993.6373 1994.1982 1994.6463 1995.5554 1996.0050 1996.4162 1997.1036 1997.6829 1998.2323 1998.9366 1999.4935 2000.2141 2000.8513 2001.2713 2001.6967 2002.7793 2003.2068 2003.6999 2004.2006 2004.7035 2005.6577 2005.9710
1992.5422 1992.2547 1991.4355 1990.6831 1990.0163 1989.6984 1988.8619 1988.5590 1987.8335 1987.2392 1986.7545 1985.9815 1985.2905 1984.8373 1984.0105 1983.4255 1982.9805 1982.2851 1981.6584 1981.2684 1981.1253 1981.9468 1982.3230 1983.1400 1983.7055 1984.1644 1984.9130 1985.6607 1985.8686 1986.7391 1987.4217 1988.0235 1988.4455 1989.2085 1989.5176 1990.1439 1990.6608 1991.6654 1992.0366 1992.4936 1993.0747 1993.9933 1994.4101 1994.9480 1995.7006 1996.2439 1996.6151 1997.4283 1998.1636 1998.4269 1999.3878 2000.1061 2000.3792 2001.2772 2001.6218 2002.0421 2002.8094 2003.2462 2004.3144 2004.6917
1991.0728 1990.7944 1990.1490 1989.3140 1988.4994 1988.3852 1987.6902 1987.1296 1986.3191 1985.8036 1985.0171 1984.4657 1984.0439 1983.1195 1982.8566 1981.8850 1981.5166 1980.8328 1980.3903 1979.7758 1979.5835 1980.4328 1980.8782 1981.6039 1982.2308 1982.8920 1983.5027 1983.9101 1984.3848 1985.3685 1985.5780 1986.2341 1986.7699 1987.5987 1988.3088 1988.7249 1989.3579 1989.8358 1990.6957 1991.1674 1991.7542 1992.2222 1993.1854 1993.6693 1994.1716 1994.7279 1995.1473 1995.8039 1996.7694 1997.3819 1997.8015 1998.3600 1999.2143 1999.7011 1999.9606 2001.0132 2001.3825 2001.8209 2002.4616 2003.2815
1989.4530 1988.8866 1988.5533 1987.9217 1987.4620 1986.8900 1985.9985 1985.5492 1984.9164 1984.4612 1983.6522 1982.8212 1982.2777 1981.7183 1981.2061 1980.4953 1979.7899 1979.2500 1978.5797 1978.3437 1978.2018 1978.6581 1979.5004 1979.9942 1980.5013 1980.9719 1981.6623 1982.5005 1982.8673 1983.4810 1984.0615 1984.9093 1985.3412 1985.8934 1986.8014 1987.3793 1987.6965 1988.2598 1989.1190 1989.6859 1990.4407 1990.9042 1991.3019 1991.8649 1992.5876 1993.5439 1993.7458 1994.3851 1995.1973 1995.5159 1996.2826 1997.1340 1997.4433 1998.2719 1998.6901 1999.2007 2000.0124 2000.3668 2001.1408 2001.5360
1988.4109 1987.6312 1986.9775 1986.4386 1985.8996 1985.0554 1984.6417 1983.9719 1983.1997 1982.5175 1981.9622 1981.6551 1981.0126 1980.1693 1979.6614 1978.8655 1978.7144 1978.1518 1977.5207 1976.8749 1976.6053 1977.4794 1977.6910 1978.7354 1978.9718 1979.7536 1980.4052 1980.7252 1981.5231 1982.0306 1982.9198 1983.1449 1983.8736 1984.6240 1985.1153 1986.0175 1986.1704 1986.8621 1987.8175 1987.9872 1988.5805 1989.4406 1990.1623 1990.4545 1991.2534 1991.9615 1992.4867 1992.9520 1993.6153 1994.1297 1994.6260 1995.4161 1995.9371 1996.6452 1997.4302 1997.9452 1998.6223 1999.2360 1999.8359 2000.1698
1986.6809 1986.1070 1985.7577 1984.7233 1984.1017 1983.5069 1982.9488 1982.6637 1982.0266 1981.4955 1980.5608 1979.8553 1979.6548 1978.8206 1978.1627 1977.8538 1977.0206 1976.5068 1975.8523 1975.2238 1975.3324 1975.5556 1976.2900 1977.2254 1977.4848 1978.0436 1978.7982 1979.2640 1980.1243 1980.5954 1981.1791 1982.0912 1982.5497 1983.1132 1983.4548 1984.3716 1984.6937 1985.5295 1986.1920 1986.8444 1987.4360 1987.8229 1988.5360 1989.3159 1989.7189 1990.2720 1991.0371 1991.6523 1992.1671 1992.8148 1993.4105 1993.8575 1994.4607 1995.2237 1996.0725 1996.2405 1997.2404 1997.4042 1998.4630 1998.6551
1985.2586 1984.7712 1984.2534 1983.2444 1982.8657 1982.2276 1981.5488 1980.8879 1980.5107 1979.7012 1979.0504 1978.3634 1977.7780 1977.2899 1976.5699 1976.1437 1975.5816 1975.1045 1974.1861 1973.8171 1973.7751 1974.1986 1974.8244 1975.6292 1976.2019 1976.6909 1977.1222 1977.9800 1978.7432 1979.3454 1979.9893 1980.3490 1981.0413 1981.5179 1982.4086 1982.6290 1983.3973 1984.0082 1984.8270 1985.3738 1985.8338 1986.3462 1987.1165 1987.5942 1988.3699 1988.8232 1989.2738 1990.0403 1990.5143 1991.1450 1991.8089 1992.6401 1993.3056 1993.8793 1994.2959 1995.1602 1995.7960 1996.1128 1996.6698 1997.3104
1983.6408 1983.2513 1982.4496 1982.1048 1981.5018 1980.7335 1979.8890 1979.7083 1978.6668 1978.3409 1977.5176 1977.2075 1976.2291 1976.0055 1975.0171 1974.5990 1974.1334 1973.3764 1972.6632 1972.1636 1972.3228 1972.9586 1973.6291 1974.1879 1974.8156 1975.1292 1975.9966 1976.2933 1977.1147 1977.5151 1978.1377 1978.7488 1979.6205 1980.2254 1980.7161 1981.3236 1981.7950 1982.6523 1983.0062 1983.9257 1984.5072 1984.8961 1985.7445 1986.0967 1986.9455 1987.4121 1988.0530 1988.4135 1989.1604 1989.7431 1990.6292 1991.1466 1991.6565 1992.0744 1992.9288 1993.6278 1994.3110 1994.9525 1995.4308 1996.0341
1982.3045 1981.9113 1981.2714 1980.4786 1980.0564 1979.1469 1978.5875 1977.9509 1977.3144 1976.8829 1976.1313 1975.5369 1975.0017 1974.1209 1973.5614 1973.1998 1972.6958 1972.1073 1971.4144 1970.5706 1970.5101 1971.0712 1971.9378 1972.7122 1973.2176 1973.7946 1974.5509 1975.1818 1975.3674 1976.2905 1976.8046 1977.3221 1978.1024 1978.4569 1979.0065 1980.0148 1980.6418 1981.1412 1981.8601 1982.5242 1982.8560 1983.6895 1983.9372 1984.7603 1985.1885 1985.9776 1986.3872 1987.1618 1987.8558 1988.2040 1989.1145 1989.4750 1990.4288 1990.7599 1991.2579 1992.2938 1992.9153 1993.1246 1993.7445 1994.6220
1980.5673 1980.1970 1979.5403 1978.8695 1978.4723 1977.8786 1977.0781 1976.5936 1976.0124 1975.2545 1974.5433 1974.0548 1973.6634 1972.9251 1972.3348 1971.8669 1970.8647 1970.4742 1969.7313 1969.0381 1969.3623 1969.5791 1970.1684 1971.0577 1971.7765 1972.1229 1973.0069 1973.4252 1973.9853 1974.8906 1975.3586 1975.9047 1976.3505 1977.2736 1977.6999 1978.3383 1979.1814 1979.7580 1980.4358 1981.0318 1981.4085 1982.2764 1982.6168 1983.3589 1983.9973 1984.5167 1984.9974 1985.5886 1986.4358 1987.1630 1987.4273 1987.9559 1988.6687 1989.5342 1989.7510 1990.6630 1991.1924 1992.0211 1992.3982 1993.1285
1979.2121 1978.6525 1978.0479 1977.3055 1977.0244 1976.3241 1975.8362 1975.0080 1974.6407 1973.7034 1973.3791 1972.5205 1971.9811 1971.4119 1970.5094 1970.1337 1969.4968 1969.1206 1968.2940 1967.9106 1967.5527 1968.1663 1968.8434 1969.3955 1969.8739 1970.5572 1971.2747 1972.1432 1972.6578 1973.3717 1973.7147 1974.5024 1975.1891 1975.7226 1976.3565 1977.0667 1977.2370 1978.0782 1978.4621 1979.1285 1979.8525 1980.5179 1980.9638 1981.9433 1982.2329 1983.0988 1983.6710 1984.1605 1985.0108 1985.6060 1986.2200 1986.6538 1987.4792 1988.1141 1988.2859 1989.2537 1989.7655 1990.5926 1990.8814 1991.7535
1977.9669 1976.9834 1976.7321 1975.9275 1975.6278 1974.9864 1974.2894 1973.3257 1972.9248 1972.2846 1971.6999 1971.1887 1970.7152 1970.0005 1969.4232 1968.7201 1968.0953 1967.2168 1966.8110 1966.2844 1965.9757 1966.5833 1967.4867 1967.8066 1968.7379 1969.2143 1969.6280 1970.5423 1971.0906 1971.5000 1972.2661 1972.8804 1973.3688 1973.9421 1974.6560 1975.3136 1976.1017 1976.5670 1977.4086 1978.0876 1978.4292 1978.9507 1979.9293 1980.3047 1980.9223 1981.6708 1982.2547 1982.9883 1983.3494 1984.0000 1984.7549 1985.2872 1986.0701 1986.6212 1987.1143 1987.6391 1988.4609 1988.7067 1989.3073 1990.3479
1976.1563 1975.5129 1975.0367 1974.5840 1973.7327 1973.5266 1972.9048 1971.9253 1971.4112 1970.6361 1970.1730 1969.3810 1968.8781 1968.1871 1967.6266 1967.0568 1966.4382 1965.7925 1965.0480 1964.8206 1964.5961 1965.1009 1966.1156 1966.4131 1966.9724 1967.8716 1968.4944 1968.7303 1969.7684 1970.1058 1970.8929 1971.4760 1972.1120 1972.5293 1973.5255 1973.8470 1974.5375 1975.2102 1975.5603 1976.2248 1977.0000 1977.8255 1978.2103 1978.8216 1979.6742 1979.8312 1980.5617 1981.5367 1982.0644 1982.6813 1982.9412 1983.9951 1984.4059 1985.0587 1985.4078 1986.3923 1986.5991 1987.3726 1987.9953 1988.6226
1974.8195 1974.2092 1973.8801 1973.2532 1972.6018 1971.8838 1971.0368 1970.4692 1969.7044 1969.1020 1968.5108 1968.1263 1967.2878 1966.8122 1966.0671 1965.5960 1965.0128 1964.5387 1963.5748 1963.2483 1963.3330 1963.9155 1964.3509 1965.1981 1965.7113 1966.3778 1966.6272 1967.3687 1968.0934 1968.9292 1969.2423 1970.1944 1970.7351 1971.1024 1971.9032 1972.5501 1972.8359 1973.5126 1974.3271 1975.0641 1975.4265 1976.0353 1976.9251 1977.5623 1978.0685 1978.3442 1979.0273 1979.8251 1980.3057 1981.0617 1981.7500 1982.4625 1982.9374 1983.6640 1984.1637 1984.8110 1985.2466 1985.7654 1986.8306 1987.3669
1973.2485 1972.5698 1972.1731 1971.7443 1970.7849 1970.4142 1969.7605 1969.2051 1968.4186 1967.9420 1967.0456 1966.5303 1966.2274 1965.3926 1964.5043 1964.3657 1963.5399 1962.8976 1962.1919 1961.8261 1961.6848 1962.0642 1962.7978 1963.4722 1964.2532 1964.9376 1965.5279 1966.1327 1966.7017 1967.0311 1967.6266 1968.2746 1968.8617 1969.7777 1970.1587 1971.0978 1971.5441 1971.9220 1972.7868 1973.4743 1974.0230 1974.5760 1975.4316 1976.0850 1976.5186 1977.2555 1977.7227 1978.4005 1979.1938 1979.8056 1980.1000 1980.7902 1981.3935 1982.2602 1982.8857 1983.3100 1983.7639 1984.5422 1985.1484 1985.7336
1971.9432 1971.0564 1970.7451 1970.3016 1969.2254 1968.9261 1968.2304 1967.7086 1966.7879 1966.2348 1965.5667 1964.8597 1964.2730 1963.9204 1963.2791 1962.4441 1962.0150 1961.2815 1960.9950 1960.2764 1960.0183 1960.6764 1961.5818 1961.8760 1962.4456 1963.2260 1963.9892 1964.5614 1965.2644 1965.6866 1966.3868 1966.9251 1967.4670 1968.0981 1968.9893 1969.2456 1970.2235 1970.6486 1971.1771 1971.9897 1972.6290 1973.3189 1973.9665 1974.2411 1974.7829 1975.7045 1976.0550 1976.7474 1977.3953 1978.3378 1978.8142 1979.5854 1979.9303 1980.6864 1981.3716 1982.0439 1982.6991 1983.2460 1983.8722 1984.0977
1970.5225 1969.8052 1969.1374 1968.3520 1967.9266 1967.2045 1966.8589 1965.8716 1965.3704 1964.7277 1964.3804 1963.8114 1963.1027 1962.6069 1961.8048 1961.0781 1960.5007 1960.1167 1959.1423 1958.7702 1958.7857 1959.1724 1959.9175 1960.6375 1961.0340 1961.5097 1962.3516 1963.1341 1963.8067 1964.2627 1965.0104 1965.6726 1965.8813 1966.4896 1967.4376 1968.0836 1968.5948 1969.0667 1970.0156 1970.3969 1970.9310 1971.8787 1972.2017 1973.0528 1973.7642 1974.0818 1974.8689 1975.5486 1976.0680 1976.4586 1977.4597 1978.0346 1978.4604 1978.9098 1979.6798 1980.4094 1981.0549 1981.4427 1982.1466 1982.8637
1969.0950 1968.1995 1967.7553 1967.2519 1966.3842 1965.8810 1965.1530 1964.7423 1963.9349 1963.4736 1962.7404 1962.2012 1961.4448 1960.8995 1960.3795 1959.8494 1958.8487 1958.1470 1957.7097 1957.3247 1957.1424 1957.7554 1958.5718 1958.9446 1959.6981 1960.2731 1960.7084 1961.4396 1962.2243 1962.5899 1963.4363 1964.2254 1964.5806 1965.3112 1965.6326 1966.3026 1966.9553 1967.6070 1968.4884 1968.9948 1969.7792 1970.0195 1970.7576 1971.3779 1972.2214 1972.5096 1973.3726 1974.0870 1974.6835 1975.0278 1975.6238 1976.6531 1977.0599 1977.7404 1978.4141 1978.8557 1979.6782 1980.2169 1980.5479 1981.2737
1967.5843 1966.6591 1966.0553 1965.5083 1965.0315 1964.3946 1963.6238 1963.1014 1962.5623 1961.9834 1961.1484 1960.8314 1959.8181 1959.5376 1958.6225 1958.1663 1957.6323 1956.9438 1956.2587 1955.8531 1955.7249 1956.5002 1956.9263 1957.4904 1958.2054 1958.7243 1959.4245 1960.2130 1960.5650 1961.4332 1961.7672 1962.5753 1963.0526 1963.5943 1964.3039 1965.0861 1965.3875 1966.2326 1966.7875 1967.7013 1968.1145 1968.8751 1969.5845 1969.8691 1970.4304 1971.2340 1971.6371 1972.2499 1973.1765 1973.7859 1974.2051 1975.1319 1975.3490 1976.1848 1976.9086 1977.4111 1978.2496 1978.8192 1979.4019 1980.1915
1966.1624 1965.3607 1964.6713 1964.1252 1963.4868 1962.7947 1962.2971 1961.8298 1960.9624 1960.5611 1959.9123 1959.3476 1958.4317 1958.0105 1957.1227 1956.5383 1956.0113 1955.6337 1954.7180 1954.0744 1954.2570 1954.8597 1955.3090 1955.8331 1956.5277 1957.2781 1958.0367 1958.5442 1959.2598 1959.7789 1960.2702 1960.9636 1961.6996 1962.1897 1962.7358 1963.3905 1964.2616 1964.6164 1965.3078 1966.1142 1966.7552 1967.1546 1967.7045 1968.6226 1968.9424 1969.8402 1970.5062 1971.1794 1971.4500 1972.3469 1973.1036 1973.4071 1974.2434 1974.6188 1975.3276 1976.2432 1976.6008 1977.2928 1977.8883 1978.4397
1964.7467 1963.7175 1963.4540 1962.7391 1961.9494 1961.5541 1960.7107 1960.2608 1959.4115 1958.7594 1958.4557 1957.6436 1957.0489 1956.2048 1955.6381 1955.1608 1954.2680 1954.0801 1953.4697 1952.6000 1952.6642 1953.4235 1953.9214 1954.4756 1955.1448 1955.6025 1956.3906 1957.0820 1957.6424 1958.1023 1958.8000 1959.5855 1960.0978 1960.6602 1961.2267 1961.8329 1962.6653 1963.2023 1964.1237 1964.6024 1965.0325 1965.7535 1966.5557 1967.1592 1967.4098 1968.1659 1968.6563 1969.5965 1970.0573 1970.9627 1971.3942 1972.0712 1972.9023 1973.2246 1974.0708 1974.6301 1975.3167 1975.8051 1976.3259 1976.8743
1963.0569 1962.6047 1961.9927 1961.2061 1960.7489 1960.0349 1959.4825 1958.6484 1957.9945 1957.2876 1956.7026 1956.2236 1955.6072 1955.0737 1954.0591 1953.3986 1952.8814 1952.5890 1951.6306 1950.9041 1951.0056 1951.6046 1952.4467 1953.2061 1953.5432 1954.3999 1954.8806 1955.5745 1956.3013 1956.6503 1957.4765 1957.9248 1958.4337 1959.2540 1959.6588 1960.4328 1961.0671 1961.7701 1962.2562 1963.2061 1963.6556 1964.5097 1965.1224 1965.5903 1966.0541 1966.7624 1967.5799 1967.9794 1968.6712 1969.2151 1969.8781 1970.6623 1971.2140 1971.9349 1972.3801 1972.9218 1973.6761 1974.4891 1974.8687 1975.5112
1961.7592 1960.7692 1960.2915 1959.6698 1958.8819 1958.1849 1957.5969 1957.2412 1956.5498 1956.0832 1955.5042 1954.6925 1954.1847 1953.4104 1952.7849 1952.1625 1951.4107 1950.9668 1950.1453 1949.5548 1949.4185 1950.1434 1950.7019 1951.7159 1952.0093 1952.9981 1953.1514 1953.9672 1954.7745 1955.0780 1955.8889 1956.5250 1957.4120 1957.9732 1958.6357 1959.0802 1959.5551 1960.3078 1961.0481 1961.3506 1962.4344 1962.7195 1963.2479 1963.9885 1964.6859 1965.2349 1965.8640 1966.3558 1967.3201 1967.6850 1968.6826 1969.2106 1969.4952 1970.2922 1970.8394 1971.5078 1972.4063 1972.9397 1973.3690 1973.9597
1960.0292 1959.6240 1958.8518 1957.9550 1957.6214 1957.0791 1956.3936 1955.7307 1954.9867 1954.6043 1953.8561 1952.9482 1952.3820 1951.7123 1951.2753 1950.8585 1950.2268 1949.6075 1948.5046 1948.0497 1947.9896 1948.8718 1949.2301 1950.0120 1950.6056 1951.0623 1951.7650 1952.5909 1952.9270 1953.9755 1954.5852 1954.9780 1955.8395 1956.4906 1956.7237 1957.7384 1958.2243 1959.0541 1959.3905 1960.3180 1960.4874 1961.2808 1961.7759 1962.4941 1963.4291 1963.8597 1964.5361 1965.2977 1965.9874 1966.5217 1967.0552 1967.6170 1968.5139 1968.8128 1969.4928 1970.3432 1970.7126 1971.3035 1971.8113 1972.8246
1958.8335 1957.8612 1957.1374 1956.5934 1956.1610 1955.3095 1954.9158 1954.2331 1953.6310 1952.7493 1952.4414 1951.6798 1950.8632 1950.1987 1949.5402 1949.1884 1948.4813 1947.7112 1947.3352 1946.8271 1946.5954 1947.1774 1947.6533 1948.5193 1948.9372 1949.9718 1950.4886 1951.0090 1951.5846 1952.1889 1953.0435 1953.4759 1953.9696 1954.9417 1955.5608 1956.0635 1956.9085 1957.2422 1958.0883 1958.6430 1959.1552 1960.0235 1960.3233 1960.9814 1961.9798 1962.4267 1963.0623 1963.5916 1964.1436 1965.1512 1965.4905 1966.0522 1966.6386 1967.2032 1967.8703 1968.8743 1969.4450 1970.0973 1970.3571 1971.1146
1957.1344 1956.4209 1955.8948 1955.1633 1954.5139 1954.1106 1953.3817 1952.6008 1951.8980 1951.3751 1950.5599 1949.9668 1949.4139 1949.1057 1948.4139 1947.6551 1946.9241 1946.6080 1945.6499 1944.9041 1945.0496 1945.8962 1946.3883 1946.8972 1947.5819 1948.2269 1948.7439 1949.6818 1950.1147 1950.9506 1951.2850 1951.9956 1952.6736 1953.2438 1953.8805 1954.6031 1954.9821 1955.9158 1956.5972 1957.0040 1957.5294 1958.3734 1959.2055 1959.4191 1960.0403 1961.1603 1961.3797 1962.3400 1962.9257 1963.6705 1963.9846 1964.6406 1965.5137 1965.9507 1966.5818 1967.3828 1967.7494 1968.5558 1969.3827 1969.8450
